Train
0.778335 0.762457 0.0158781
0.774349 0.767626 0.00672314
0.657929 0.654337 0.00359217
0.781147 0.77406 0.00708668
0.724411 0.714409 0.0100015
0.807454 0.803126 0.00432844
0.415322 0.425097 0.00977471
0.632665 0.622841 0.00982379
0.538925 0.545077 0.00615183
0.268081 0.254075 0.0140061
0.682142 0.677666 0.00447584
0.789391 0.771205 0.0181861
0.741431 0.732863 0.00856812
0.783843 0.776179 0.00766438
0.610889 0.612496 0.00160675
0.712168 0.703522 0.00864648
0.794572 0.794244 0.000328185
0.586274 0.588175 0.00190104
0.668625 0.661812 0.00681306
0.677421 0.676082 0.0013395
0.716646 0.718973 0.00232695
0.80667 0.814628 0.00795813
0.368218 0.370292 0.00207386
0.701599 0.685225 0.0163741
0.788356 0.769918 0.0184378
0.747674 0.739909 0.00776537
0.76833 0.759599 0.00873097
0.702804 0.695102 0.00770163
0.813508 0.809929 0.00357925
0.388493 0.393534 0.00504051
0.675183 0.660501 0.0146819
0.705998 0.691867 0.0141306
0.762348 0.765502 0.00315356
0.764856 0.759108 0.00574841
0.70136 0.693955 0.00740481
0.813339 0.80973 0.00360937
0.392258 0.397844 0.00558646
0.669594 0.655413 0.0141811
0.685318 0.673343 0.0119755
0.708552 0.710439 0.00188723
0.796853 0.803952 0.0070994
0.488146 0.49768 0.00953378
0.578053 0.576868 0.00118516
0.353002 0.363577 0.0105755
0.412604 0.417278 0.00467359
0.28283 0.282905 7.52294e-005
0.672224 0.655894 0.0163304
0.709803 0.691385 0.018418
0.761885 0.76451 0.00262484
0.768169 0.762789 0.00537996
0.683663 0.677637 0.00602592
0.805534 0.801073 0.0044611
0.499738 0.508823 0.00908458
0.579189 0.578419 0.000769638
0.355977 0.367264 0.011287
0.400406 0.404943 0.00453727
0.304801 0.312016 0.00721539
0.600348 0.591433 0.00891483
0.438805 0.442068 0.00326345
0.239125 0.210559 0.0285655
0.585927 0.581515 0.00441196
0.600988 0.599889 0.00109919
0.418716 0.435208 0.0164923
0.246675 0.220925 0.0257496
0.632136 0.622184 0.00995194
0.685787 0.677084 0.00870339
0.726349 0.72518 0.00116913
0.81119 0.819041 0.00785118
0.316237 0.302403 0.0138337
0.683027 0.672706 0.0103214
0.79232 0.777833 0.0144871
0.705774 0.697148 0.00862552
0.812794 0.810021 0.00277289
0.383454 0.387731 0.00427675
0.682441 0.667176 0.0152654
0.731428 0.715105 0.0163231
0.803835 0.810596 0.00676058
0.414018 0.422503 0.00848461
0.636754 0.626136 0.0106176
0.553963 0.558395 0.00443181
0.293166 0.288878 0.00428795
0.646498 0.6414 0.00509833
0.650169 0.637111 0.0130577
0.565759 0.575877 0.0101177
0.33522 0.341802 0.00658154
0.488354 0.490297 0.00194326
0.245828 0.214276 0.0315522
0.605629 0.599191 0.00643821
0.635916 0.631678 0.00423755
0.547935 0.558709 0.0107742
0.293499 0.289058 0.0044411
0.646109 0.641029 0.00508042
0.648565 0.635675 0.0128904
0.559565 0.570162 0.0105966
0.320094 0.323296 0.00320247
0.552309 0.550451 0.00185767
0.320555 0.310289 0.010266
0.594282 0.589766 0.00451639
0.43338 0.436331 0.00295134
0.245373 0.220077 0.0252958
0.628907 0.619336 0.00957149
0.679503 0.671354 0.00814861
0.707567 0.706653 0.000914115
0.791268 0.797686 0.00641769
0.553612 0.558632 0.00501975
0.621396 0.617883 0.00351338
0.493945 0.50831 0.0143648
0.226871 0.190096 0.0367749
0.459803 0.463897 0.00409429
0.523829 0.543638 0.0198094
0.280964 0.272237 0.00872685
0.673556 0.668096 0.00545951
0.754997 0.734583 0.0204137
0.81436 0.819469 0.00510884
0.293396 0.26864 0.0247559
0.554559 0.568634 0.0140753
0.582204 0.5868 0.00459643
0.374478 0.38846 0.013982
0.336979 0.336916 6.30319e-005
0.514052 0.51799 0.00393826
0.266852 0.241158 0.0256941
0.676434 0.669084 0.00734987
0.779381 0.763417 0.0159636
0.7713 0.764254 0.00704575
0.676258 0.670886 0.0053717
0.799908 0.794753 0.00515543
0.566536 0.570368 0.0038315
0.638543 0.633794 0.00474883
0.561567 0.570414 0.00884654
0.320864 0.324344 0.00347954
0.548836 0.547181 0.00165459
0.313695 0.301741 0.0119539
0.618186 0.612563 0.00562329
0.523623 0.523331 0.000292454
0.239442 0.21105 0.0283923
0.591864 0.586564 0.00529963
0.61049 0.608509 0.00198091
0.451394 0.467875 0.0164808
0.221621 0.181392 0.0402292
0.380568 0.39206 0.011492
0.613062 0.63717 0.0241084
0.609096 0.605637 0.00345893
0.434373 0.450507 0.0161336
0.231454 0.197324 0.0341299
0.504704 0.510143 0.0054391
0.518337 0.52836 0.0100227
0.25269 0.233475 0.0192146
0.663706 0.657096 0.00661034
0.758716 0.74427 0.014446
0.810237 0.810691 0.000454016
0.344747 0.342365 0.00238193
0.717505 0.701354 0.0161506
0.822414 0.805973 0.0164414
0.459334 0.469527 0.0101929
0.587539 0.584163 0.00337638
0.379873 0.392512 0.012639
0.326327 0.325082 0.00124487
0.557016 0.55442 0.0025958
0.328637 0.320632 0.00800524
0.561962 0.559421 0.00254064
0.341236 0.335405 0.00583068
0.511452 0.512419 0.000966836
0.261528 0.233729 0.0277985
0.665253 0.657346 0.00790739
0.759199 0.744724 0.014475
0.80977 0.810062 0.000291619
0.349124 0.348065 0.00105866
0.716172 0.699792 0.0163798
0.819709 0.802838 0.0168705
0.494725 0.50404 0.00931516
0.578403 0.57746 0.000942776
0.35382 0.364686 0.0108662
0.408906 0.41355 0.00464408
0.288914 0.291271 0.00235691
0.656074 0.640806 0.0152682
0.647105 0.634465 0.0126399
0.554328 0.565326 0.0109981
0.308243 0.308317 7.39205e-005
0.598763 0.594572 0.00419101
0.451137 0.454136 0.00299894
0.228902 0.194403 0.0344993
0.483821 0.491293 0.00747223
0.514856 0.528748 0.013892
0.255217 0.236794 0.0184229
0.669473 0.663003 0.00647045
0.769344 0.754161 0.0151831
0.795453 0.792004 0.00344937
0.488044 0.50038 0.0123358
0.576524 0.576273 0.000251047
0.350876 0.361215 0.0103392
0.420561 0.425194 0.00463252
0.271466 0.266487 0.00497859
0.691369 0.674853 0.0165162
0.776983 0.757012 0.0199713
0.78901 0.785454 0.00355635
0.538704 0.547758 0.00905418
0.605953 0.604209 0.00174363
0.439587 0.456043 0.0164558
0.227516 0.191273 0.036243
0.460061 0.469654 0.00959333
0.520592 0.539217 0.018625
0.272806 0.261225 0.0115806
0.681949 0.676651 0.00529757
0.783449 0.764046 0.0194027
0.769418 0.762827 0.00659129
0.68354 0.677522 0.00601775
0.805449 0.800977 0.00447193
0.500803 0.509829 0.0090261
0.579462 0.578702 0.000759741
0.356681 0.368085 0.0114041
0.397733 0.402218 0.00448525
0.310378 0.318974 0.0085956
0.577641 0.571967 0.00567448
0.374511 0.374041 0.000469968
0.37875 0.383331 0.00458126
0.356437 0.37158 0.0151433
0.391145 0.406887 0.0157422
0.300573 0.306647 0.00607391
0.61667 0.605591 0.0110793
0.493869 0.49573 0.00186092
0.221351 0.181545 0.0398057
0.387816 0.395102 0.00728568
0.608225 0.632623 0.0243981
0.588383 0.587554 0.000829318
0.370591 0.38299 0.0123987
0.352146 0.353619 0.00147295
0.452662 0.464563 0.0119013
0.242145 0.215367 0.0267776
0.609862 0.602756 0.00710578
0.643434 0.638529 0.00490486
0.57749 0.585666 0.00817606
0.364092 0.375477 0.0113852
0.374391 0.377575 0.00318438
0.373037 0.388911 0.0158742
0.341128 0.354813 0.0136852
0.44806 0.460254 0.0121944
0.243265 0.218182 0.0250832
0.621608 0.613313 0.00829467
0.666234 0.659268 0.00696613
0.663351 0.66448 0.00112919
0.676164 0.679353 0.00318936
0.72666 0.729228 0.00256843
0.812614 0.820249 0.00763463
0.29827 0.275996 0.0222741
0.593341 0.599358 0.00601725
0.641925 0.639699 0.00222592
0.583119 0.590674 0.00755485
0.380232 0.393456 0.0132238
0.323997 0.321721 0.00227648
0.568793 0.564389 0.00440359
0.353282 0.349916 0.0033657
0.459895 0.463918 0.00402256
0.24284 0.216257 0.0265826
0.613695 0.606213 0.00748186
0.650816 0.645243 0.0055729
0.606161 0.611778 0.00561666
0.457738 0.473707 0.0159692
0.219944 0.178382 0.0415615
0.35597 0.36556 0.00958976
0.651728 0.673315 0.0215874
0.755533 0.737139 0.0183936
0.813282 0.818309 0.00502707
0.297771 0.275561 0.0222103
0.59114 0.597746 0.00660603
0.638472 0.636636 0.001836
0.569932 0.578682 0.0087504
0.343183 0.351336 0.0081532
0.454673 0.458169 0.00349591
0.244534 0.220323 0.0242107
0.629883 0.620778 0.00910508
0.682663 0.674228 0.00843536
0.717177 0.716079 0.00109762
0.803951 0.811601 0.00764978
0.402706 0.410121 0.007415
0.653352 0.640767 0.0125851
0.621183 0.617099 0.00408364
0.47998 0.495433 0.0154535
0.220902 0.179931 0.0409711
0.37402 0.380925 0.00690519
0.6303 0.653294 0.0229944
0.680008 0.667832 0.0121761
0.689509 0.691752 0.00224292
0.760884 0.764781 0.00389669
0.767282 0.761822 0.00545951
0.688477 0.682047 0.00643001
0.808491 0.804398 0.00409348
0.461606 0.471704 0.0100979
0.585989 0.582957 0.00303161
0.375643 0.387993 0.0123504
0.338198 0.338669 0.00047098
0.507563 0.512448 0.00488468
0.260913 0.23328 0.027633
0.664373 0.656469 0.00790359
0.757561 0.743198 0.0143631
0.811267 0.812084 0.00081742
0.335232 0.329705 0.00552698
0.715844 0.700558 0.0152856
0.823203 0.807589 0.0156142


 RMSE:  0.0126118
 NMSE:  0.00048266
Test
0.434684 0.448419 0.0137353
0.233206 0.200752 0.0324543
0.528121 0.530857 0.00273624
0.531262 0.537676 0.00641415
0.263329 0.249331 0.0139977
0.681453 0.676197 0.00525609
0.788958 0.771603 0.0173549
0.739466 0.730743 0.00872315
0.787722 0.780446 0.00727569
0.582215 0.587 0.00478523
0.665352 0.658999 0.00635325
0.666551 0.665968 0.000582727
0.68176 0.684698 0.00293826
0.742367 0.745339 0.00297183
0.807102 0.810436 0.00333375
0.34612 0.344211 0.00190857
0.717202 0.700966 0.0162356
0.821719 0.805142 0.0165773
0.468867 0.478986 0.010119
0.582327 0.57993 0.0023974
0.365016 0.376534 0.011518
0.371124 0.374659 0.00353538
0.381852 0.397835 0.0159831
0.31952 0.330005 0.0104852
0.538946 0.539087 0.000141402
0.297547 0.281606 0.015941
0.661599 0.655181 0.00641754
0.707362 0.689073 0.0182886
0.756087 0.758385 0.00229784
0.785452 0.782763 0.00268929
0.55867 0.56586 0.00719033
0.630276 0.626569 0.00370668
0.530435 0.54209 0.0116554
0.26303 0.246497 0.0165331
0.679303 0.674457 0.00484609
0.787004 0.770114 0.0168904
0.746051 0.737443 0.00860793
0.774265 0.765849 0.00841571
0.67204 0.666994 0.00504603
0.796086 0.790516 0.00557021
0.606753 0.606374 0.000379247
0.701635 0.693296 0.00833878
0.774302 0.77223 0.00207209
0.738018 0.730377 0.00764115
0.788312 0.781122 0.00719028
0.57752 0.582805 0.00528548
0.657988 0.652141 0.00584724
0.639204 0.640776 0.00157167
0.580155 0.589398 0.00924306
0.375918 0.388656 0.0127383
0.336484 0.336093 0.00039066
0.517093 0.520584 0.00349103
0.269921 0.245247 0.0246738
0.680398 0.673356 0.00704179
0.785618 0.768971 0.016647
0.750876 0.742427 0.00844905
0.761781 0.752786 0.00899492
0.73102 0.721732 0.00928791
0.802192 0.79593 0.0062619
0.467708 0.480056 0.0123477
0.580644 0.579004 0.0016396
0.36203 0.373228 0.0111985
0.381313 0.385385 0.00407195
0.350815 0.365548 0.0147325
0.410805 0.42587 0.0150649
0.270119 0.264652 0.00546692
0.692417 0.675966 0.0164507
0.780633 0.760911 0.0197215
0.779017 0.773707 0.00531027
0.621232 0.621616 0.000383787
0.728794 0.719857 0.0089372
0.814524 0.81619 0.00166555
0.349195 0.346669 0.00252623
0.716602 0.700329 0.0162733
0.820607 0.803855 0.0167523
0.48341 0.493178 0.00976757
0.578278 0.576915 0.00136305
0.353804 0.364359 0.0105554
0.409993 0.414678 0.00468544
0.287023 0.288699 0.00167607
0.661468 0.645788 0.0156797
0.668476 0.653639 0.014837
0.635502 0.640316 0.00481418
0.577963 0.587413 0.00944985
0.369507 0.381519 0.0120122
0.356376 0.358229 0.00185253
0.436256 0.449741 0.0134846
0.247943 0.227918 0.0200245
0.654705 0.643174 0.0115306
0.731211 0.718748 0.0124632
0.810862 0.814944 0.0040819
0.364045 0.365208 0.00116288
0.706066 0.689575 0.0164908
0.79915 0.78093 0.01822
0.689336 0.682117 0.00721904
0.807843 0.804632 0.00321071
0.458495 0.468581 0.0100858
0.587981 0.584596 0.00338536
0.381436 0.394165 0.0127286
0.322143 0.320209 0.00193433
0.573975 0.568784 0.00519085
0.365315 0.363714 0.00160069
0.412164 0.417439 0.00527527
0.282562 0.282531 3.14144e-005
0.672849 0.656489 0.0163601
0.712129 0.693547 0.0185823
0.767065 0.770017 0.00295154
0.747766 0.740628 0.00713763
0.766483 0.757677 0.00880634
0.711316 0.703031 0.00828473
0.813524 0.809667 0.00385669
0.377476 0.380965 0.00348889
0.690387 0.674582 0.0158052
0.757038 0.739188 0.0178503
0.812371 0.816885 0.00451415
0.305072 0.286745 0.0183267
0.638488 0.635835 0.00265265
0.72281 0.712234 0.0105757
0.804673 0.807673 0.00299952
0.446578 0.456643 0.0100648
0.597662 0.592576 0.00508606
0.410676 0.424497 0.0138208
0.261273 0.242519 0.0187544
0.685372 0.669902 0.0154703
0.780777 0.764738 0.016039
0.766879 0.75941 0.00746866
0.700072 0.692753 0.007319
0.813072 0.809455 0.00361664
0.396776 0.402971 0.00619513
0.662793 0.649274 0.0135195
0.659136 0.650224 0.00891183
0.620814 0.626853 0.00603854
0.520158 0.533618 0.0134597
0.250794 0.22804 0.022754
0.651517 0.645166 0.00635067
0.735246 0.72246 0.0127855
0.813541 0.817761 0.00421978
0.33116 0.32304 0.00811989
0.71192 0.697374 0.0145464
0.820917 0.805674 0.015243
0.459982 0.470166 0.0101837
0.587096 0.58381 0.00328581
0.378628 0.391185 0.0125571
0.329742 0.32903 0.00071155
0.5429 0.542478 0.000422356
0.303725 0.289556 0.014169
0.64683 0.640486 0.00634414
0.646156 0.63353 0.0126258
0.550306 0.561605 0.0112988
0.29972 0.297244 0.00247584
0.627985 0.623002 0.00498262
0.569072 0.564669 0.00440289
0.307448 0.307794 0.000345579
0.600298 0.596031 0.00426726
0.456658 0.459599 0.00294055
0.225519 0.188856 0.0366633
0.441371 0.452062 0.0106914
0.532738 0.554804 0.0220661
0.304298 0.302563 0.00173456
0.615354 0.610198 0.00515629
0.513633 0.514063 0.000430324
0.2312 0.197807 0.0333927
0.516161 0.516132 2.92329e-005
0.521091 0.529951 0.00886017
0.254078 0.235625 0.0184533
0.667467 0.661063 0.00640424
0.765937 0.750994 0.0149433
0.801294 0.799164 0.00212989
0.431355 0.443448 0.0120925
0.609907 0.603393 0.00651423
0.453726 0.466837 0.0131114
0.222082 0.182609 0.0394725
0.39075 0.402458 0.0117081
0.59663 0.621567 0.0249371
0.53808 0.543199 0.00511881
0.265063 0.249747 0.0153155
0.681081 0.676408 0.00467347
0.78913 0.771694 0.0174356
0.739056 0.730335 0.00872077
0.788429 0.78123 0.00719864
0.576759 0.582125 0.00536594
0.656813 0.651048 0.00576468
0.634726 0.636687 0.00196072
0.562606 0.573158 0.0105524
0.32785 0.332859 0.00500948
0.51979 0.519903 0.000112507
0.269808 0.24467 0.0251376
0.679957 0.672841 0.00711552
0.784918 0.768365 0.0165529
0.75334 0.744998 0.00834243
0.754429 0.745274 0.00915496
0.756155 0.746482 0.00967251
0.752428 0.742752 0.00967589
0.763234 0.753701 0.0095333
0.727455 0.718319 0.00913588
0.805633 0.799957 0.00567633
0.437685 0.449268 0.0115829
0.603792 0.598146 0.0056463


 RMSE:  0.0115397
 NMSE:  0.000372127

 ------------------------------ 5  180367020  0.0126118  0.0115397
Train
0.792181 0.762457 0.0297236
0.764271 0.767626 0.00335536
0.634201 0.654337 0.0201359
0.777736 0.77406 0.00367622
0.729438 0.714409 0.0150285
0.797503 0.803126 0.00562291
0.436489 0.425097 0.0113924
0.623314 0.622841 0.000472869
0.516799 0.545077 0.0282776
0.273458 0.254075 0.0193826
0.689287 0.677666 0.0116212
0.808406 0.771205 0.0372015
0.727718 0.732863 0.00514526
0.768063 0.776179 0.0081158
0.609294 0.612496 0.00320164
0.70351 0.703522 1.165e-005
0.792101 0.794244 0.00214313
0.560647 0.588175 0.0275276
0.65925 0.661812 0.00256162
0.672836 0.676082 0.00324578
0.71328 0.718973 0.0056934
0.794849 0.814628 0.0197791
0.3628 0.370292 0.00749249
0.696627 0.685225 0.0114021
0.799394 0.769918 0.0294755
0.72851 0.739909 0.0113989
0.75005 0.759599 0.00954888
0.695233 0.695102 0.000131277
0.810281 0.809929 0.000351698
0.413098 0.393534 0.0195636
0.669739 0.660501 0.00923835
0.696292 0.691867 0.00442479
0.756278 0.765502 0.00922425
0.741421 0.759108 0.0176872
0.677598 0.693955 0.0163569
0.810293 0.80973 0.000562621
0.416571 0.397844 0.0187266
0.663913 0.655413 0.00850003
0.672513 0.673343 0.000829504
0.705606 0.710439 0.00483283
0.786728 0.803952 0.0172238
0.467704 0.49768 0.0299759
0.565568 0.576868 0.0112996
0.341467 0.363577 0.02211
0.398179 0.417278 0.0190989
0.274874 0.282905 0.00803059
0.681084 0.655894 0.0251902
0.701204 0.691385 0.00981906
0.75614 0.76451 0.00837032
0.745103 0.762789 0.0176863
0.659474 0.677637 0.0181632
0.803001 0.801073 0.00192826
0.517082 0.508823 0.00825873
0.565875 0.578419 0.0125439
0.34515 0.367264 0.0221142
0.38634 0.404943 0.0186033
0.291877 0.312016 0.0201389
0.583914 0.591433 0.00751897
0.420718 0.442068 0.0213496
0.238163 0.210559 0.0276037
0.605739 0.581515 0.0242243
0.578763 0.599889 0.0211258
0.414303 0.435208 0.0209046
0.245598 0.220925 0.0246725
0.662078 0.622184 0.0398937
0.665556 0.677084 0.0115279
0.722769 0.72518 0.00241067
0.798315 0.819041 0.020726
0.320093 0.302403 0.0176901
0.657304 0.672706 0.0154017
0.808068 0.777833 0.0302353
0.698736 0.697148 0.00158802
0.806446 0.810021 0.00357502
0.408814 0.387731 0.021083
0.677182 0.667176 0.0100055
0.726412 0.715105 0.0113069
0.793995 0.810596 0.016601
0.40215 0.422503 0.0203533
0.629618 0.626136 0.00348224
0.531992 0.558395 0.0264034
0.298468 0.288878 0.00959049
0.651608 0.6414 0.0102082
0.632107 0.637111 0.0050043
0.567304 0.575877 0.00857308
0.341394 0.341802 0.00040808
0.475834 0.490297 0.0144625
0.251554 0.214276 0.0372781
0.596681 0.599191 0.00250957
0.611312 0.631678 0.0203665
0.54426 0.558709 0.0144494
0.299602 0.289058 0.0105445
0.651171 0.641029 0.0101418
0.630324 0.635675 0.00535082
0.56124 0.570162 0.0089215
0.326315 0.323296 0.00301937
0.544502 0.550451 0.00594907
0.316837 0.310289 0.00654755
0.589585 0.589766 0.000180846
0.415995 0.436331 0.0203355
0.243478 0.220077 0.0234009
0.657881 0.619336 0.0385449
0.658185 0.671354 0.0131694
0.70417 0.706653 0.00248334
0.781982 0.797686 0.0157037
0.528187 0.558632 0.030445
0.609366 0.617883 0.00851742
0.485109 0.50831 0.0232008
0.23227 0.190096 0.0421743
0.407798 0.463897 0.0560995
0.542149 0.543638 0.00148883
0.273831 0.272237 0.00159441
0.682782 0.668096 0.0146863
0.758591 0.734583 0.0240078
0.802782 0.819469 0.016687
0.304695 0.26864 0.0360555
0.564321 0.568634 0.00431302
0.547474 0.5868 0.0393258
0.369427 0.38846 0.0190329
0.326519 0.336916 0.0103972
0.484034 0.51799 0.0339557
0.270099 0.241158 0.0289406
0.683107 0.669084 0.0140234
0.793768 0.763417 0.0303506
0.761071 0.764254 0.00318318
0.652465 0.670886 0.0184207
0.797316 0.794753 0.00256348
0.580085 0.570368 0.00971716
0.627 0.633794 0.00679438
0.554185 0.570414 0.0162292
0.326774 0.324344 0.00242953
0.540669 0.547181 0.00651202
0.310946 0.301741 0.00920494
0.617271 0.612563 0.0047084
0.500724 0.523331 0.0226068
0.244171 0.21105 0.0331211
0.556202 0.586564 0.0303617
0.5873 0.608509 0.0212093
0.447095 0.467875 0.0207796
0.224734 0.181392 0.0433423
0.365862 0.39206 0.0261978
0.63236 0.63717 0.00481014
0.588107 0.605637 0.0175297
0.438556 0.450507 0.011951
0.232799 0.197324 0.0354751
0.507717 0.510143 0.00242615
0.525518 0.52836 0.00284183
0.249174 0.233475 0.0156991
0.660274 0.657096 0.00317778
0.762657 0.74427 0.0183873
0.802299 0.810691 0.00839239
0.352084 0.342365 0.00971902
0.706556 0.701354 0.00520203
0.855792 0.805973 0.0498189
0.454787 0.469527 0.0147397
0.576279 0.584163 0.00788419
0.364823 0.392512 0.0276894
0.316188 0.325082 0.00889364
0.531712 0.55442 0.0227076
0.323382 0.320632 0.00274976
0.553041 0.559421 0.00638013
0.334616 0.335405 0.000788767
0.497901 0.512419 0.014518
0.265885 0.233729 0.0321556
0.66802 0.657346 0.0106736
0.763351 0.744724 0.0186274
0.801795 0.810062 0.00826709
0.355914 0.348065 0.00784933
0.706809 0.699792 0.00701709
0.849541 0.802838 0.0467026
0.485763 0.50404 0.0182771
0.565574 0.57746 0.0118862
0.342724 0.364686 0.0219625
0.394597 0.41355 0.0189533
0.27952 0.291271 0.0117511
0.657543 0.640806 0.016737
0.628642 0.634465 0.0058227
0.556122 0.565326 0.00920381
0.314494 0.308317 0.00617674
0.596583 0.594572 0.00201113
0.432228 0.454136 0.0219084
0.229606 0.194403 0.0352035
0.481838 0.491293 0.00945465
0.528145 0.528748 0.000602542
0.25095 0.236794 0.0141557
0.669312 0.663003 0.00630889
0.778512 0.754161 0.0243509
0.786504 0.792004 0.00549978
0.476729 0.50038 0.0236505
0.560692 0.576273 0.0155811
0.339671 0.361215 0.0215444
0.40603 0.425194 0.0191641
0.266351 0.266487 0.000135725
0.712818 0.674853 0.0379645
0.789052 0.757012 0.0320399
0.774852 0.785454 0.0106022
0.521674 0.547758 0.0260844
0.589925 0.604209 0.0142841
0.430026 0.456043 0.0260169
0.229273 0.191273 0.0380005
0.454984 0.469654 0.0146701
0.538127 0.539217 0.00108962
0.266541 0.261225 0.00531609
0.691694 0.676651 0.0150435
0.798808 0.764046 0.0347621
0.754934 0.762827 0.00789338
0.659656 0.677522 0.0178659
0.802916 0.800977 0.00193851
0.518084 0.509829 0.00825493
0.566127 0.578702 0.0125747
0.3459 0.368085 0.0221847
0.383751 0.402218 0.0184665
0.296289 0.318974 0.0226853
0.556225 0.571967 0.0157417
0.363264 0.374041 0.010777
0.364237 0.383331 0.0190945
0.334076 0.37158 0.0375045
0.364003 0.406887 0.0428844
0.288073 0.306647 0.0185741
0.604553 0.605591 0.00103823
0.471959 0.49573 0.023771
0.225398 0.181545 0.0438528
0.348323 0.395102 0.0467788
0.627102 0.632623 0.00552119
0.56628 0.587554 0.0212739
0.375326 0.38299 0.00766395
0.340979 0.353619 0.0126396
0.421408 0.464563 0.043155
0.245777 0.215367 0.0304099
0.618558 0.602756 0.0158015
0.618851 0.638529 0.0196777
0.574011 0.585666 0.0116554
0.369955 0.375477 0.00552185
0.36205 0.377575 0.0155255
0.348321 0.388911 0.0405896
0.320878 0.354813 0.0339348
0.416935 0.460254 0.0433195
0.246308 0.218182 0.0281257
0.635455 0.613313 0.0221416
0.643159 0.659268 0.0161093
0.660142 0.66448 0.00433763
0.674974 0.679353 0.00437925
0.72266 0.729228 0.00656832
0.79869 0.820249 0.021559
0.3063 0.275996 0.0303038
0.585628 0.599358 0.0137302
0.605093 0.639699 0.0346063
0.579199 0.590674 0.0114754
0.385981 0.393456 0.0074753
0.314882 0.321721 0.00683932
0.545394 0.564389 0.0189949
0.34471 0.349916 0.00520583
0.444156 0.463918 0.0197621
0.24685 0.216257 0.0305928
0.623634 0.606213 0.017421
0.626507 0.645243 0.0187361
0.602838 0.611778 0.00894024
0.462768 0.473707 0.0109388
0.223731 0.178382 0.0453485
0.338548 0.36556 0.027012
0.682294 0.673315 0.00897919
0.756363 0.737139 0.0192241
0.800101 0.818309 0.0182079
0.309315 0.275561 0.0337537
0.584713 0.597746 0.013033
0.601422 0.636636 0.0352145
0.5659 0.578682 0.0127823
0.349128 0.351336 0.00220753
0.441095 0.458169 0.0170744
0.24773 0.220323 0.0274069
0.646589 0.620778 0.0258113
0.661907 0.674228 0.0123207
0.713695 0.716079 0.00238419
0.792859 0.811601 0.0187422
0.392211 0.410121 0.01791
0.647382 0.640767 0.00661461
0.60193 0.617099 0.0151687
0.483721 0.495433 0.0117121
0.226052 0.179931 0.0461214
0.336171 0.380925 0.0447537
0.652732 0.653294 0.000561847
0.665991 0.667832 0.0018408
0.687446 0.691752 0.00430607
0.754425 0.764781 0.0103559
0.743976 0.761822 0.0178462
0.664366 0.682047 0.0176815
0.80591 0.804398 0.00151169
0.48126 0.471704 0.00955644
0.574197 0.582957 0.00875955
0.360982 0.387993 0.0270114
0.327139 0.338669 0.0115297
0.477127 0.512448 0.0353211
0.264875 0.23328 0.0315953
0.666716 0.656469 0.0102466
0.76094 0.743198 0.0177422
0.803428 0.812084 0.00865581
0.343721 0.329705 0.0140156
0.700356 0.700558 0.000202226
0.860613 0.807589 0.0530237


 RMSE:  0.0202318
 NMSE:  0.00124211
Test
0.415571 0.448419 0.0328478
0.233676 0.200752 0.0329237
0.53539 0.530857 0.00453323
0.529772 0.537676 0.00790433
0.260026 0.249331 0.0106953
0.687897 0.676197 0.0117004
0.808183 0.771603 0.03658
0.726907 0.730743 0.00383564
0.772666 0.780446 0.00777964
0.583384 0.587 0.00361607
0.652961 0.658999 0.00603751
0.661747 0.665968 0.00422081
0.680269 0.684698 0.00442859
0.737305 0.745339 0.00803432
0.78945 0.810436 0.0209865
0.352808 0.344211 0.00859706
0.706798 0.700966 0.00583183
0.854041 0.805142 0.0488991
0.463011 0.478986 0.0159748
0.57052 0.57993 0.00940954
0.351465 0.376534 0.0250692
0.358037 0.374659 0.0166219
0.356002 0.397835 0.0418325
0.303154 0.330005 0.0268512
0.511505 0.539087 0.0275822
0.296657 0.281606 0.0150512
0.668761 0.655181 0.0135804
0.698304 0.689073 0.00923051
0.750692 0.758385 0.0076932
0.764272 0.782763 0.0184907
0.5395 0.56586 0.0263601
0.615373 0.626569 0.0111962
0.522425 0.54209 0.0196652
0.268992 0.246497 0.0224955
0.683134 0.674457 0.00867741
0.805359 0.770114 0.0352446
0.734243 0.737443 0.00319996
0.756981 0.765849 0.00886835
0.665882 0.666994 0.00111211
0.793364 0.790516 0.00284761
0.618132 0.606374 0.0117584
0.694214 0.693296 0.000917815
0.771552 0.77223 0.000677563
0.713401 0.730377 0.0169755
0.77317 0.781122 0.00795197
0.579183 0.582805 0.00362173
0.645069 0.652141 0.00707205
0.633758 0.640776 0.00701759
0.582569 0.589398 0.00682947
0.381937 0.388656 0.00671886
0.326413 0.336093 0.00967973
0.487296 0.520584 0.0332878
0.272778 0.245247 0.0275314
0.688718 0.673356 0.0153615
0.803271 0.768971 0.0343001
0.739468 0.742427 0.00295935
0.742836 0.752786 0.00994951
0.722794 0.721732 0.00106192
0.796262 0.79593 0.000332334
0.481816 0.480056 0.00176017
0.566199 0.579004 0.0128054
0.348735 0.373228 0.0244926
0.367752 0.385385 0.0176327
0.329343 0.365548 0.036205
0.381797 0.42587 0.0440729
0.264786 0.264652 0.000133997
0.715056 0.675966 0.0390904
0.794429 0.760911 0.0335176
0.76457 0.773707 0.00913736
0.598331 0.621616 0.0232846
0.72142 0.719857 0.00156326
0.812553 0.81619 0.00363704
0.348163 0.346669 0.00149397
0.707309 0.700329 0.00698037
0.851459 0.803855 0.0476042
0.475729 0.493178 0.0174491
0.565814 0.576915 0.011101
0.341896 0.364359 0.022463
0.39559 0.414678 0.0190882
0.278069 0.288699 0.0106295
0.665242 0.645788 0.0194545
0.652666 0.653639 0.000972518
0.635242 0.640316 0.00507355
0.580639 0.587413 0.00677367
0.375572 0.381519 0.00594741
0.344993 0.358229 0.0132363
0.405649 0.449741 0.0440918
0.249079 0.227918 0.0211607
0.679815 0.643174 0.0366408
0.7235 0.718748 0.00475152
0.804889 0.814944 0.0100555
0.360042 0.365208 0.00516645
0.700575 0.689575 0.0109997
0.814908 0.78093 0.0339775
0.669328 0.682117 0.0127889
0.803515 0.804632 0.00111749
0.47879 0.468581 0.0102093
0.576372 0.584596 0.00822377
0.366235 0.394165 0.0279299
0.312351 0.320209 0.00785828
0.551517 0.568784 0.017267
0.355197 0.363714 0.0085174
0.396487 0.417439 0.0209516
0.27465 0.282531 0.00788098
0.682029 0.656489 0.02554
0.704031 0.693547 0.0104835
0.760998 0.770017 0.00901911
0.722992 0.740628 0.0176361
0.747838 0.757677 0.00983927
0.703482 0.703031 0.000451355
0.809678 0.809667 1.1094e-005
0.402811 0.380965 0.0218462
0.685077 0.674582 0.0104946
0.758012 0.739188 0.0188236
0.79867 0.816885 0.0182154
0.316276 0.286745 0.0295305
0.617387 0.635835 0.0184478
0.703372 0.712234 0.00886227
0.799723 0.807673 0.00795017
0.431424 0.456643 0.0252195
0.587459 0.592576 0.00511679
0.39313 0.424497 0.0313666
0.257832 0.242519 0.0153132
0.719805 0.669902 0.0499033
0.795823 0.764738 0.0310853
0.756493 0.75941 0.00291668
0.676709 0.692753 0.0160442
0.81009 0.809455 0.0006354
0.420761 0.402971 0.0177898
0.656758 0.649274 0.00748367
0.64317 0.650224 0.00705352
0.621403 0.626853 0.00545048
0.524312 0.533618 0.00930631
0.257 0.22804 0.0289597
0.639074 0.645166 0.00609155
0.729147 0.72246 0.006687
0.8073 0.817761 0.0104605
0.332795 0.32304 0.00975477
0.693476 0.697374 0.00389809
0.857523 0.805674 0.0518495
0.460195 0.470166 0.00997107
0.575726 0.58381 0.00808422
0.363691 0.391185 0.0274935
0.319328 0.32903 0.00970151
0.515668 0.542478 0.0268101
0.301949 0.289556 0.0123927
0.651115 0.640486 0.0106289
0.627645 0.63353 0.00588516
0.55217 0.561605 0.00943541
0.305984 0.297244 0.00874018
0.630162 0.623002 0.00715988
0.545955 0.564669 0.0187138
0.311985 0.307794 0.00419058
0.598276 0.596031 0.0022447
0.437309 0.459599 0.0222899
0.226866 0.188856 0.0380103
0.432459 0.452062 0.019603
0.551533 0.554804 0.00327098
0.294724 0.302563 0.00783912
0.614702 0.610198 0.00450434
0.491041 0.514063 0.0230222
0.235795 0.197807 0.0379876
0.465785 0.516132 0.0503474
0.526129 0.529951 0.00382168
0.250691 0.235625 0.0150655
0.665745 0.661063 0.00468164
0.77339 0.750994 0.0223958
0.792696 0.799164 0.00646765
0.427199 0.443448 0.0162485
0.598076 0.603393 0.00531669
0.433566 0.466837 0.0332713
0.224654 0.182609 0.0420447
0.376282 0.402458 0.0261761
0.614653 0.621567 0.00691449
0.514727 0.543199 0.0284721
0.270337 0.249747 0.0205902
0.686594 0.676408 0.0101861
0.808414 0.771694 0.0367199
0.726376 0.730335 0.00395931
0.773506 0.78123 0.00772419
0.578491 0.582125 0.00363445
0.643811 0.651048 0.00723704
0.629173 0.636687 0.00751436
0.565504 0.573158 0.00765387
0.334091 0.332859 0.00123168
0.509141 0.519903 0.0107621
0.273175 0.24467 0.0285054
0.688152 0.672841 0.0153114
0.802213 0.768365 0.0338477
0.742096 0.744998 0.00290233
0.734654 0.745274 0.0106203
0.74799 0.746482 0.00150833
0.743872 0.742752 0.0011197
0.75491 0.753701 0.00120896
0.718899 0.718319 0.000580428
0.800137 0.799957 0.000179928
0.455601 0.449268 0.00633332
0.591809 0.598146 0.00633738


 RMSE:  0.0191319
 NMSE:  0.00102287

 ------------------------------ 5  19487520  0.0202318  0.0191319
