
0.129299
0.130628
0.12569
0.12371
0.122926
0.120824
0.120169
0.113669
0.109561
0.106196
0.105624
0.0969263
0.0827924
0.080131
0.0794524
0.0764966
0.0711667
0.0681234
0.0685055
0.0661787
0.0667046
0.0671134
0.0654605
0.067163
0.0604089
0.0603561
0.0605557
0.0593921
0.059747
0.0599265
0.0591796
0.059536
0.0591197
0.0590686
0.0589762
0.0588777
0.0586267
0.0584016
0.0617159
0.0585707
0.0586979
0.0588182
0.0607846
0.0593264
0.0583502
0.0583745
0.0586538
0.0587235
0.0575309
0.0573302
0.0607162
0.0574501
0.0580012
0.0596805
0.057611
0.0571483
0.0571653
0.0572151
0.0574024
0.0596796
0.0574533
0.0580159
0.0566668
0.0566562
0.0564542
0.059096
0.056061
0.0566404
0.0565417
0.0563055
0.0559479
0.0608013
0.0562927
0.0558673
0.0552639
0.0554397
0.0554397
0.0570539
0.0564907
0.0551942
0.0564149
0.0550639
0.0546226
0.0563633
0.055259
0.0559537
0.0554972
0.0553582
0.0544881
0.055552
0.0547717
0.0577274
0.053656
0.053617
0.0530811
0.05553
0.0531749
0.0527756
0.0532169
0.0523512
0.05266
0.0567139
0.0524519
0.0521486
0.052093
0.052174
0.0531862
0.0521256
0.0518582
0.0530855
0.0523493
0.0519505
0.0521275
0.0551852
0.0521745
0.0519893
0.0528815
0.0523737
0.0518089
0.0565044
0.0521342
0.051826
0.0523244
0.0517312
0.0527539
0.0507235
0.0505685
0.0508913
0.0513417
0.0500213
0.0566833
0.0519887
0.0503463
0.0496816
0.0500874
0.0499339
0.0500014
0.0513304
0.0501793
0.0493022
0.0494075
0.0495978
0.0501483
0.0507017
0.0499113
0.0498733
0.0500164
0.0508095
0.050322
0.0498684
0.0496944
0.049514
0.0499975
0.0497535
0.0504055
0.0496039
0.0497891
0.050774
0.0495409
0.0495929
0.050492
0.0532577
0.0504236
0.05056
0.0503814
0.0494242
0.048969
0.0519781
0.0490546
0.049635
0.0494225
0.0502254
0.048971
0.0501753
0.0487888
0.0489122
0.0488595
0.0491745
0.0492864
0.0493468
0.0485777
0.0488932
0.048695
0.0482566
0.0479137
0.0490151
0.0491658
0.0493631
0.0486484
0.0485908
0.0490999
0.0486822
0.0486048
0.047963
0.0476761
0.0475987
0.0472967
0.0497012
0.047244
0.0479892
0.0475964
0.0475869
0.0477216
0.0488995
0.0475222
0.047355
0.047648
0.0470747
0.0510179
0.0493441
0.0476498
0.0486946
0.0493662
0.047224
0.0506561
0.0495324
0.0471967
0.0485527
0.0469752
0.0469205
0.0471777
0.0472973
0.0472794
0.0475277
0.0476698
0.0468121
0.0475699
0.0497864
0.0467196
0.0467014
0.0467273
0.0465359
0.0477468
0.0487633
0.0466482
0.0472025
0.0465924
0.0464859
0.0469913
0.0471915
0.0471536
0.0474242
0.0470856
0.0470772
0.0468812
0.0465063
0.0469823
0.0464832
0.0466696
0.0464878
0.0467443
0.0468155
0.0473162
0.0466663
0.04683
0.0467673
0.0464855
0.0465817
0.0467026
0.046705
0.0466809
0.0471833
0.0464073
0.049327
0.0470614
0.046966
0.0465388
0.046314
0.0462603
0.046218
0.0457115
0.0455643
0.0452603
0.0452407
0.0451736
0.0452208
0.0450855
0.0454537
0.0456416
0.0452284
0.0452168
0.0451189
0.0450829
0.0454437
0.0451856
0.0448931
0.0448868
0.0455236
0.0450482
0.0450423
0.0449672
0.0450782
0.0451079
0.0462448
0.0453133
0.0450534
0.0450029
0.0450416
0.0448159
0.0447726
0.0450209
0.0449752
0.0446111
0.0445625
0.0443175
0.0443167
0.0443918
0.0442646
0.0442548
0.0441285
0.0441354
0.0439357
0.0438757
0.0446434
0.0438387
0.0439311
0.0438035
0.0449508
0.0452204
0.0444587
0.0441748
0.0437344
0.0435213
0.0449312
0.043549
0.0436302
0.0440143
0.0436195
0.0434765
0.0434765
0.0439373
0.043762
0.0451939
0.0433067
0.0427217
0.0436447
0.0430113
0.0427415
0.0446623
0.0426974
0.0430599
0.0426649
0.0427229
0.0430141
0.0428111
0.0434891
0.0427416
0.0426755
0.0428878
0.0427492
0.0426818
0.0421606
0.0420972
0.0420341
0.0418465
0.0417775
0.0416577
0.0418144
0.0418141
0.0426054
0.0423813
0.0420465
0.0417711
0.0419734
0.0418208
0.0418621
0.0416718
0.0417067
0.0414622
0.041477
0.0414661
0.0422808
0.0419077
0.0418888
0.0413066
0.0412972
0.0415573
0.0412625
0.041238
0.0412429
0.0433205
0.0412587
0.0414548
0.0415453
0.0414976
0.04168
0.0411673
0.0409987
0.0405048
0.0401999
0.0404605
0.0403706
0.0402917
0.0397801
0.0397443
0.0404926
0.0396813
0.0397406
0.0410525
0.0394619
0.0396099
0.0398109
0.0398271
0.039956
0.0397009
0.0397075
0.0393612
0.0392576
0.0393895
0.0393776
0.0406463
0.0390922
0.0396484
0.0389035
0.0395526
0.0391321
0.0395257
0.0391603
0.0393065
0.0393671
0.0389874
0.0386815
0.0387524
0.03873
0.0378833
0.038409
0.0386517
0.0384422
0.0390103
0.0384223
0.0383775
0.0387909
0.0389096
0.0384359
0.0386209
0.0385783
0.0378068
0.0384252
0.0370354
0.0368369
0.0366432
0.0365426
0.0368317
0.0369022
0.0364782
0.0364239
0.0359573
0.0356781
0.03604
0.0361806
0.0358982
0.0359709
0.0368257
0.0354646
0.0358888
0.0366266
0.036194
0.0359476
0.0353539
0.0354553
0.0355177
0.0355357
0.0354765
0.0351146
0.036463
0.0352017
0.0351208
0.0367807
0.0349678
0.0349942
0.0344389
0.0344659
0.0345757
0.0344162
0.0343698
0.0343244
0.0342511
0.0337064
0.03345
0.0341183
0.0340248
0.0342304
0.0337244
0.0334013
0.0331863
0.0331057
0.0329897
0.0332224
0.0343028
0.0330563
0.0338342
0.0336743
0.0329912
0.0334815
0.0331633
0.032838
0.0328116
0.0326794
0.0326209
0.0324807
0.0327813
0.0326744
0.0321833
0.0321833
0.0320613
0.0320219
0.0321387
0.0321651
0.0322165
0.0323102
0.0319461
0.0319169
0.0316083
0.0315278
0.0314113
0.0315646
0.0318407
0.0317332
0.0321953
0.0314057
0.0313323
0.0319925
0.0311349
0.0312012
0.0314651
0.0314016
0.0313819
0.0313502
0.0314214
0.0314647
0.0311496
0.0310031
0.0307443
0.0314553
0.0305937
0.030657
0.0305346
0.0304437
0.0303221
0.0301705
0.0307435
0.0316132
0.0307648
0.0301696
0.0301152
0.0303784
0.0299796
0.0297926
0.029907
0.0299197
0.0300158
0.030243
0.0298088
0.0299352
0.0300281
0.0297474
0.030724
0.0301922
0.0297364
0.0301404
0.0298454
0.0297353
0.0302763
0.029809
0.0295185
0.0301976
0.0293882
0.0291149
0.0288727
0.0287495
0.0293323
0.0292322
0.0292322
0.0291326
0.0290044
0.029244
0.0295233
0.0292448
0.0290028
0.0289799
0.0288392
0.0289936
0.0291914
0.0301566
0.0295238
0.0292314
0.0285404
0.0284296
0.0283985
0.0283627
0.0282994
0.0282814
0.0286135
0.0283047
0.0282865
0.0284111
0.0296621
0.028177
0.0281961
0.0284879
0.027864
0.0278315
0.0281904
0.0282092
0.0279667
0.0275146
0.0276324
0.0280149
0.02826
0.0274019
0.0271825
0.0276362
0.0265678
0.0264032
0.0261433
0.026035
0.0265833
0.0255138
0.025604
0.0254943
0.0251582
0.0250651
0.0246621
0.0244407
0.0246601
0.0252053
0.0250203
0.0248887
0.0247339
0.0248227
0.0248887
0.0248374
0.0251346
0.0248275
0.0247883
0.0248094
0.0248676
0.0247145
0.0249952
0.0250047
0.0248913
0.0245544
0.0245668
0.0245093
0.0245616
0.0244448
0.0243449
0.0244034
0.0244546
0.0242608
0.0240349
0.0241026
0.0239863
0.0241283
0.0241795
0.0240662
0.0236815
0.023597
0.0239307
0.0235814
0.0235719
0.0231749
0.0231737
0.023154
0.0231446
0.0234867
0.0234287
0.0232335
0.023629
0.023456
0.0236602
0.0232724
0.0232384
0.0234761
0.0235397
0.0231465
0.0234059
0.0229947
0.0228433
0.0229099
0.0225079
0.0224488
0.0223934
0.0232316
0.0221171
0.0227969
0.0225859
0.0224932
0.0223685
0.0228029
0.0226495
0.0223649
0.0224479
0.0224462
0.0221597
0.0221884
0.0219905
0.0219732
0.0216043
0.0215537
0.0214624
0.0213978
0.0215469
0.0213994
0.0212031
0.0211864
0.0214737
0.0214114
0.021191
0.0211988
0.0208145
0.0207295
0.0202902
0.0204497
0.0206606
0.0210734
0.0209582
0.0209353
0.0208975
0.0205189
0.0205133
0.0206085
0.0204057
0.0204816
0.0206108
0.0200373
0.0200087
0.0199453
0.0200723
0.0200596
0.0201224
0.0202648
0.0199512
0.0200904
0.0201524
0.0198494
0.0201741
0.0199415
0.0199509
0.0198777
0.0200323
0.0200857
0.0197217
0.0198456
0.0198129
0.0199168
0.0200359
0.0198301
0.0197551
0.0196629
0.0196921
0.0198949
0.0197244
0.0196743
0.019867
0.0207846
0.0194931
0.0197081
0.0199408
0.0196962
0.0196889
0.0201433
0.0200398
0.0196899
0.0195546
0.0195306
0.0197226
0.0191569
0.0192522
0.0191439
0.0191615
0.0191671
0.0194262
0.0193906
0.0196522
0.0193216
0.0198903
0.0195008
0.0191989
0.0196485
0.019207
0.0193216
0.0192347
0.0192403
0.0191933
0.0192492
0.0192462
0.0194788
0.0191208
0.0191045
0.0191047
0.0191117
0.0191453
0.0191307
0.0193506
0.019207
0.0191209
0.0191186
0.0194651
0.0192947
0.0191186
0.0190958
0.0190713
0.019101
0.0192468
0.0191125
0.0190689
0.0192468
0.0190755
0.0188887
0.0190919
0.0191242
0.0191567
0.0189241
0.0189298
0.0188717
0.0188715
0.019135
0.0193386
0.0190588
0.0188966
0.0188484
0.0189246
0.0188193
0.0189245
0.0189517
0.0189564
0.0188521
0.0189371
0.0189271
0.0189018
0.0188777
0.0189347
0.0188521
0.0189716
0.0188625
0.0188556
0.0188447
0.0188536
0.0197109
0.0186437
0.0187294
0.0186809
0.0186084
0.0185938
0.0184909
0.0184578
0.0184547
0.0184625
0.0185669
0.0185868
0.0186959
0.0185804
0.0185765
0.0192216
0.0184656
0.018442
0.0184061
0.0184334
0.0184167
0.018435
0.0184261
0.0183964
0.0183945
0.01841
0.0184543
0.0184719
0.0184164
0.0184876
0.018711
0.0184128
0.0184879
0.0185784
0.0184206
0.0185191
0.018428
0.0184962
0.0184262
0.0189017
0.0184249
0.018386
0.0184185
0.0183763
0.0183834
0.018388
0.0183773
0.0183551
0.0183703
0.0183107
0.0183117
0.0185279
0.0183197
0.0182623
0.0188725
0.0187464
0.0183624
0.0183676
0.0183725
0.0183622
0.0182575
0.0182664
0.0182531
0.0182834
0.0183134
0.0185738
0.018354
0.0182915
0.0182821
0.0182461
0.0182377
0.0182237
0.0182237
0.0182237
0.0182319
0.0182851
0.0181941
0.0180698
0.0181864
0.0181548
0.0181345
0.0184199
0.0181498
0.0180677
0.0179898
0.0179378
0.0179889
0.0179437
0.0179398
0.0179713
0.0178833
0.0179589
0.0178533
0.0178334
0.017905
0.0179008
0.0177621
0.0178032
0.0178285
0.017792
0.0177086
0.0177605
0.0177691
0.0177516
0.0177449
0.0177435
0.0177177
0.0177215
0.01777
0.0177608
0.0180602
0.0179815
0.0176418
0.0176961
0.0176801
0.0176855
0.0176961
0.0177683
0.0176937
0.0175974
0.0179975
0.0175808
0.0175712
0.0178195
0.01772
0.0176534
0.0176184
0.017641
0.0176798
0.0175647
0.0182008
0.0176148
0.0175338
0.0175341
0.0176119
0.0175628
0.0176456
0.0174175
0.0175974
0.0177217
0.0175275
0.0175044
0.0174838
0.0174643
0.0174991
0.0175086
0.0174894
0.01749
0.0174707
0.0174047
0.0175361
0.01743
0.0174664
0.0175526
0.0174623
0.0175204
0.017481
0.0174339
0.0174139
0.0177012
0.017422
0.0174111
0.0176122
0.0174508
0.0174296
0.0175003
0.0174292
0.017412
0.0175116
0.0176829
0.0174039
0.0174361
0.017448
0.0175377
0.0173801
0.0173258
0.0173249
0.0172495
0.0174017
0.0173516
0.017301
0.0171975
0.0173193
0.0173149
0.017218
0.0171809
0.0171949
0.0171738
0.0173985
0.0171681
0.0173361
0.0172032
0.017144
0.0171863
0.0171425
0.017123
0.0171076
0.0173613
0.0173163
0.0171216
0.0171161
0.0171281
0.0170925
0.0171074
0.0170982
0.0173959
0.0170929
0.0173686
0.0170546
0.0171264
0.0170788
0.01711
0.0172344
0.0173391
0.0171154
0.0171885
0.0172261
0.0173182
0.0177181
0.0171387
0.0171492
0.0172028
0.0171156
0.0170615
0.0170567
0.0171103
0.0170758
0.0170954
0.0170986
0.0171112
0.016909
0.0169926
0.0169786
0.0170352
0.0170231
0.0170343
0.0172036
0.0170286
0.01703
0.0170444
0.0170113
0.0169412
0.0169488
0.0169653
0.0169632
0.0169047
0.0168915
0.0168766
0.0168551
0.0168315
0.0168617
0.0168825
0.016877
0.0168568
0.0169
0.0168449
0.0168242
0.0167878
0.01681
0.0169064
0.0169065
0.0167731
0.0167771
0.0166651
0.0165831
0.0165751
0.0166596
0.0166298
0.0166141
0.0165587
0.0165454
0.0165275
0.0165458
0.0165317
0.0165766
0.0166264
0.016672
0.0165733
0.0166117
0.0165916
0.0166701
0.0165636
0.0166869
0.0166151
0.0165908
0.0165565
0.0165493
0.0165773
0.0166284
0.0166445
0.0165466
0.016569
0.0165513
0.0166171
0.0165941
0.0165218
0.016547
0.0165254
0.0165326
0.0166119
0.0165877
0.0165696
0.0165641
0.0165326
0.0165369
0.016602
0.0165154
0.016526
0.0165485
0.0165195
0.0165239
0.0165524
0.0165958
0.0165926
0.01658
0.016508
0.0165243
0.0165689
0.0165755
0.0166784
0.0165617
0.0165523
0.016495
0.0164777
0.0165009
0.0164962
0.0164828
0.0164828
0.0165995
0.0164974
0.0166685
0.016503
0.0164636
0.0164508
0.0164622
0.0164504
0.0164269
0.0163776
0.0164168
0.0162942
0.0162743
0.0162727
0.0163591
0.0165922
0.0164484
0.0163648
0.0164996
0.0163759
0.0163287
0.016352
0.0163084
0.0163414
0.0163073
0.0164121
0.0162669
0.0163712
0.0162556
0.0162692
0.0162658
0.0162278
0.0161958
0.0162117
0.0161948
0.0162103
0.0162565
0.016216
0.0161628
0.0161611
0.0161095
0.0160951
0.016102
0.0161235
0.0161552
0.0161343
0.0161641
0.0161586
0.0161192
0.0161332
0.0161567
0.01619
0.0161252
0.0162337
0.0160914
0.0160314
0.0160461
0.0160693
0.0160111
0.0160792
0.0160479
0.0160744
0.0160329
0.0160618
0.0159852
0.0159497
0.0159631
0.0160452
0.0160653
0.0162265
0.016111
0.0159538
0.0159275
0.0160388
0.0161096
0.0159296
0.0159304
0.0159181
0.0159581
0.015995
0.0157891
0.0158729
0.0159148
0.015856
0.0158447
0.0158538
0.015966
0.0159565
0.01583
0.0158564
0.016057
0.0159237
0.0158181
0.0158752
0.0158323
0.0158644
0.0158456
0.0160121
0.01583
0.0159308
0.0159795
0.0158488
0.0158209
0.0158918
0.0158531
0.0158071
0.0158117
0.0158229
0.0158073
0.0159117
0.0158859
0.0157648
0.0157702
0.0157666
0.0157753
0.0159588
0.0158051
0.0157207
0.015727
0.0157591
0.0157554
0.0157238
0.0157283
0.0157232
0.0156439
0.0156527
0.0156064
0.0156549
0.0158376
0.0156388
0.0156334
0.0158322
0.015691
0.0156388
0.0156586
0.0156506
0.0157348
0.0156495
0.0155848
0.0155989
0.0155017
0.0155191
0.0155167
0.0155618
0.0156199
0.015447
0.0154054
0.0154323
0.0154203
0.0153972
0.0153794
0.0153547
0.0153779
0.0153657
0.0153693
0.015423
0.0153665
0.01543
0.0153934
0.0153716
0.015413
0.015375
0.0153492
0.0153405
0.0153828
0.015344
0.0153318
0.0153665
0.0154457
0.0153652
0.0153557
0.0152785
0.0152631
0.0154585
0.0152399
0.0152964
0.0152528
0.0152146
0.0152128
0.0152999
0.0152994
0.0153046
0.0152872
0.0152754
0.0153072
0.0152842
0.0152423
0.0152878
0.0152967
0.0152899
0.0152855
0.015294
0.0152842
0.0152746
0.0153043
0.0152746
0.0152289
0.015255
0.015316
0.0152905
0.015261
0.0152429
0.0151986
0.0152113
0.0152592
0.0152169
0.0152509
0.0152321
0.0152454
0.0153391
0.0151786
0.0152182
0.015164
0.0151085
0.015147
0.0151072
0.0151238
0.0151238
0.0152435
0.0151423
0.0151688
0.0151703
0.0152653
0.0151666
0.015116
0.0151128
0.0151099
0.0151257
0.0151053
0.0151027
0.0150929
0.0151025
0.0150948
0.0150943
0.0150982
0.0151078
0.0150874
0.0150727
0.0150672
0.0151735
0.0151075
0.0150539
0.0150815
0.015109
0.015113
0.0150715
0.0150572
0.0150436
0.0150393
0.0150305
0.0150305
0.0150394
0.0150289
0.0150286
0.0150758
0.0150262
0.0150257
0.0149556
0.0149432
0.0149158
0.0149517
0.0148817
0.0148656
0.0148662
0.0148635
0.0148651
0.0149893
0.014858
0.0148488
0.014866
0.0148566
0.0148648
0.0148853
0.0148584
0.0148873
0.0148474
0.0148367
0.0148171
0.014846
0.0147905
0.0147968
0.0148067
0.0148115
0.0147923
0.0149051
0.0147767
0.0147906
0.0147493
0.0147503
0.0147484
0.0147314
0.0147328
0.0147124
0.0147058
0.0147115
0.0147285
0.0146643
0.0146451
0.0146512
0.0146264
0.0146753
0.0146436
0.0147695
0.0146385
0.0146595
0.0145865
0.0145972
0.0145677
0.0145506
0.0145339
0.0145291
0.0146344
0.0145914
0.0145804
0.014567
0.0145158
0.0145335
0.0145529
0.0145873
0.0144798
0.0144698
0.0144811
0.0144811
0.0144867
0.0145319
0.0145403
0.0145267
0.0146511
0.0145801
0.0147009
0.0144723
0.0144532
0.0144579
0.0144145
0.0143734
0.014376
0.0144301
0.0143609
0.0142894
0.0144016
0.0142495
0.014321
0.0142013
0.0142286
0.0142389
0.0142274
0.0143663
0.014201
0.0141973
0.0141589
0.0142021
0.0142232
0.0142189
0.0142287
0.0142082
0.0141969
0.0142714
0.0141527
0.0141343
0.0141451
0.0141498
0.0140731
0.0140114
0.0140321
0.0140302
0.0140495
0.0140334
0.0141193
0.014062
0.014071
0.0140007
0.0140224
0.0140543
0.0139825
0.0139821
0.0139763
0.0139601
0.0139694
0.0139859
0.0139449
0.0139742
0.0139778
0.0139458
0.0139814
0.013921
0.0139198
0.0139167
0.0139091
0.0139126
0.0139047
0.014011
0.0139014
0.0138944
0.0139092
0.0138608
0.0138505
0.0138374
0.0138253
0.0138125
0.0138065
0.0138065
0.0137894
0.0137833
0.0138167
0.0138272
0.0138638
0.0140322
0.0138613
0.0138142
0.0137963
0.0138629
0.0139284
0.0138349
0.0138143
0.013776
0.0137715
0.0138281
0.0137787
0.0137358
0.0138843
0.0136821
0.0136594
0.0136646
0.0136592
0.0137456
0.0136797
0.0136742
0.0137191
0.0136265
0.0135857
0.0135872
0.0136164
0.0135782
0.0135797
0.0135359
0.0135643
0.013526
0.0135255
0.0136548
0.0136499
0.0137378
0.0137966
0.0137425
0.0135361
0.0135261
0.0135246
0.0135317
0.013533
0.0135288
0.0135173
0.0135146
0.0134798
0.0134747
0.013529
0.0135339
0.0136145
0.0134692
0.0134479
0.013443
0.0134751
0.0135187
0.0135302
0.0135172
0.0136008
0.013611
0.0134079
0.0134021
0.0134169
0.0133863
0.0133789
0.0133689
0.0133743
0.0133312
0.0133298
0.0133085
0.0133214
0.0133088
0.013305
0.0133287
0.0133352
0.0133154
0.013343
0.0133432
0.0133394
0.0133309
0.013322
0.0134154
0.0134176
0.0133369
0.0133305
0.0133208
0.0133155
0.013306
0.0133386
0.0133191
0.0133173
0.0133053
0.0133002
0.0132977
0.0133115
0.0133688
0.0133125
0.013291
0.0132975
0.0133066
0.0132915
0.0133918
0.0132658
0.0132594
0.0132527
0.0132561
0.0132512
0.0132578
0.0132656
0.0132786
0.0132622
0.0132633
0.013261
0.0132549
0.0132557
0.0132943
0.0132502
0.0133311
0.0133321
0.0132583
0.0132429
0.0132418
0.0132388
0.0132448
0.0132566
0.0132452
0.0132888
0.0132173
0.0132837
0.0132179
0.0132388
0.0132505
0.0132496
0.0132308
0.0132351
0.0132301
0.0132332
0.0132081
0.0132135
0.0132047
0.0131842
0.0131665
0.0131575
0.0131527
0.013154
0.0131459
0.013121
0.0130949
0.0131134
0.013115
0.013116
0.0131079
0.0131187
0.0131163
0.013179
0.0132139
0.0131698
0.0130968
0.0130964
0.0130969
0.0132059
0.0131537
0.0131332
0.0131275
0.0131327
0.0131012
0.0130774
0.0131635
0.0131528
0.0130706
0.013077
0.0130813
0.013188
0.0131457
0.0131636
0.0130789
0.0131686
0.0130697
0.0130739
0.0130485
0.0130466
0.0130415
0.0130422
0.0130688
0.0130891
0.0130864
0.0130486
0.0130354
0.0130218
0.013043
0.0131114
0.0130439
0.0130339
0.0130137
0.0130137
0.0130084
0.0130091
0.0130075
0.0129963
0.0130086
0.0129974
0.0130213
0.0129987
0.0129978
0.013014
0.0129954
0.0129788
0.0129806
0.0130275
0.0129892
0.0129947
0.0130903
0.013163
0.0130267
0.0130007
0.0129931
0.0129962
0.0129848
0.0130091
0.012963
0.0129496
0.0129616
0.0129814
0.0129785
0.0129593
0.013011
0.0129627
0.0129671
0.0129341
0.0129071
0.0129598
0.012888
0.0129047
0.0128778
0.0128721
0.0128539
0.0128349
0.0128193
0.0128406
0.0128136
0.0128622
0.0128069
0.0128802
0.0128513
0.0127831
0.0127823
0.0127795
0.0127687
0.0128144
0.0128062
0.0128449
0.0127867
0.0127512
0.0127541
0.0127439
0.0127539
0.0127596
0.0127951
0.0127198
0.0127172
0.0127305
0.0127171
0.0127285
0.0126976
0.0126742
0.0126757
0.0126646
0.0126484
0.0126667
0.0126671
0.0126479
0.0126503
0.0126434
0.0126779
0.012646
0.0126191
0.0126126
0.0126099
0.0126008
0.0126181
0.0126624
0.0126205
0.012624
0.0126301
0.0126419
0.0126343
0.0127327
0.0126201
0.0126646
0.0126176
0.0126438
0.0126396
0.0126872
0.0126181
0.0126321
0.0126452
0.0126214
0.0126077
0.0126332
0.0126332
0.012648
0.0126161
0.0126319
0.0126554
0.0126031
0.0126027
0.0126053
0.0126057
0.0127619
0.0126108
0.0125993
0.0125993
0.0126344
0.0125927
0.0126038
0.0125471
0.0125351
0.0125757
0.0126007
0.012546
0.0125432
0.0125397
0.0125407
0.0125545
0.0125345
0.0125168
0.0125223
0.0125236
0.0125046
0.01259
0.0125057
0.0125112
0.0125209
0.0124912
0.012497
0.0124815
0.0124945
0.0124683
0.0124807
0.0124717
0.0124672
0.0124636
0.0124706
0.0124685
0.0124695
0.0125075
0.0124405
0.0124929
0.0124772
0.0124629
0.0124054
0.0124088
0.0124226
0.0124148
0.0124101
0.0124272
0.0124007
0.0124022
0.012424
0.0124007
0.0124455
0.0123972
0.012445
0.0123931
0.0124501
0.0123968
0.0124177
0.0123875
0.0124192
0.0123795
0.0123665
0.0123621
0.0123333
0.0123369
0.0123368
0.0123354
0.0123046
0.0124747
0.0125382
0.0122506
0.012235
0.0122293
0.012253
0.0122447
0.0122396
0.0122473
0.012271
0.012296
0.012258
0.0124079
0.0123028
0.0122007
0.0122486
0.0122447
0.0121946
0.0122072
0.0122196
0.0122152
0.0122131
0.0121953
0.0122145
0.0121818
0.012179
0.0122116
0.0121803
0.0121721
0.0121691
0.0121274
0.0121266
0.0121446
0.0121341
0.0121307
0.0121211
0.0122895
0.0121185
0.0121276
0.0121218
0.0121115
0.0121016
0.0121025
0.0121214
0.012084
0.0121171
0.0121166
0.0121053
0.0120856
0.0120654
0.0120666
0.0120869
0.0120667
0.0120727
0.0120828
0.0120839
0.0120289
0.0120872
0.0120286
0.0120323
0.0120393
0.0120329
0.0120397
0.0120294
0.0120204
0.0120136
0.0119214
0.0119261
0.0119283
0.0119021
0.011899
0.0119072
0.0119075
0.0119096
0.0119133
0.0119831
0.0118908
0.0119251
0.0119257
0.011868
0.0118929
0.0118939
0.0119048
0.0118644
0.011861
0.0118563
0.0118181
0.0118048
0.0118011
0.0118124
0.011791
0.0118188
0.0118426
0.0117656
0.0117659
0.0117661
0.0118152
0.0117636
0.0117653
0.0118334
0.0117985
0.0118274
0.0118797
0.0118213
0.0117785
0.0118132
0.0117273
0.0117442
0.0117469
0.0117446
0.0117557
0.0117531
0.0117413
0.0117575
0.0117871
0.0117527
0.0117509
0.0117338
0.0117399
0.011803
0.0117913
0.0117559
0.0117375
0.0117357
0.0117169
0.0117375
0.01173
0.0117322
0.011715
0.0117312
0.0117241
0.0116614
0.0116735
0.011666
0.0116615
0.0116502
0.0116561
0.0116351
0.0116324
0.0116274
0.0116667
0.0116309
0.0116081
0.0115941
0.0116048
0.0116122
0.0116144
0.0117058
0.0115993
0.0116639
0.0115826
0.0115837
0.0115575
0.0115588
0.0115572
0.0115719
0.0115537
0.0115739
0.0115653
0.0115709
0.0116366
0.0115624
0.0115745
0.0115392
0.0115113
0.0115095
0.0115063
0.0115073
0.0115229
0.0115064
0.0115115
0.0114872
0.011513
0.011504
0.0115496
0.0115709
0.0115535
0.0115385
0.0115308
0.011514
0.0115086
0.0114975
0.0115322
0.0114992
0.0115075
0.0114979
0.0114896
0.0115052
0.0115516
0.0115584
0.0115786
0.0115107
0.0114814
0.0114857
0.0114827
0.0114859
0.011478
0.0114758
0.011477
0.0114767
0.0114826
0.0114828
0.0115017
0.0114884
0.0114671
0.0114563
0.0114601
0.0114484
0.0114338
0.0114199
0.0114231
0.0114237
0.0114092
0.0114221
0.0114477
0.0114342
0.0114318
0.0114072
0.0114266
0.0114151
0.0114342
0.0114241
0.0114892
0.0114523
0.0114145
0.0113873
0.0113925
0.0113932
0.0114546
0.0113935
0.0113985
0.0113913
0.0113804
0.011437
0.0113837
0.0113928
0.0114
0.0113796
0.0113679
0.0113812
0.0113562
0.0114531
0.0113515
0.0113786
0.0113786
0.01133
0.0113333
0.0113445
0.011289
0.0112781
0.0112598
0.0112599
0.0112452
0.0112477
0.0112921
0.0112614
0.0112479
0.0112581
0.011249
0.0112955
0.0112581
0.0112651
0.0112615
0.0112934
0.0112919
0.0112854
0.0112556
0.0113599
0.0112528
0.0112577
0.0112563
0.0112797
0.0112649
0.0112552
0.0112688
0.0112647
0.0112448
0.0112464
0.0112175
0.0112227
0.0112449
0.0112435
0.0112358
0.0112116
0.0111837
0.0111799
0.0111727
0.0111872
0.0111875
0.0111838
0.0111845
0.0111942
0.0111808
0.0111733
0.0112003
0.0111957
0.0111767
0.0111967
0.011118
0.0111216
0.0111197
0.0111132
0.0110541
0.0110384
0.0110142
0.0110079
0.0110222
0.0110126
0.0109965
0.0110057
0.0111159
0.0110139
0.0110232
0.0109975
0.0110162
0.0109809
0.0110002
0.0109223
0.0109713
0.0109745
0.0109278
0.010921
0.0109231
0.0109309
0.0109384
0.0109355
0.0109639
0.0109302
0.0109548
0.0109381
0.0109132
0.0109549
0.0109128
0.0109058
0.0109129
0.0109479
0.0109288
0.0109118
0.0108903
0.0108707
0.0108731
0.0108886
0.0108588
0.010863
0.0108359
0.0108273
0.0108014
0.0108024
0.0107998
0.0107974
0.0108275
0.0108468
0.0108113
0.0108404
0.0108344
0.0108646
0.0108951
0.0108371
0.010822
0.0108728
0.010818
0.0108251
0.0108391
0.0108303
0.0108147
0.0108196
0.0108254
0.0108445
0.0107974
0.0107975
0.0108478
0.0108121
0.0107844
0.0107814
0.0107453
0.0107671
0.0107068
0.0107836
0.0107783
0.0107762
0.0107608
0.0107508
0.0107462
0.0107484
0.0107429
0.0107573
0.0107613
0.0107755
0.0107573
0.0107112
0.0106923
0.0106796
0.0106839
0.0106916
0.0106888
0.0106959
0.0106938
0.0106962
0.0106678
0.0106628
0.0106822
0.0106715
0.0106611
0.0106439
0.0106292
0.0106418
0.0106514
0.0106912
0.0106634
0.0106619
0.0106663
0.0106613
0.0106535
0.0108193
0.0106376
0.0106305
0.0106029
0.0106004
0.0106284
0.0106283
0.0106315
0.0106238
0.0105788
0.0105421
0.0105494
0.0106062
0.0105615
0.0105938
0.0105556
0.0105774
0.0105446
0.0105389
0.0105832
0.0106211
0.0105054
0.0104905
0.010563
0.0104907
0.0104476
0.0104798
0.0104332
0.0104425
0.0104582
0.0104541
0.0104244
0.010484
0.010394
0.010387
0.0103819
0.0103819
0.0103975
0.0103891
0.0104477
0.0103913
0.0103852
0.0103913
0.0104106
0.0103869
0.0103704
0.010368
0.010401
0.0103645
0.0103579
0.0103563
0.0104372
0.0104229
0.01037
0.0103728
0.0103705
0.0104179
0.0103209
0.010331
0.0103287
0.0103137
0.0103646
0.0103137
0.0103266
0.0104199
0.0102954
0.0103187
0.0103036
0.0103036
0.0103201
0.0103163
0.0103159
0.0103204
0.0102999
0.0103007
0.0103477
0.0102908
0.0103156
0.0102941
0.0103204
0.010299
0.0103067
0.0102922
0.0103478
0.010299
0.0102989
0.0103022
0.0103025
0.0102936
0.010297
0.0102903
0.0103052
0.0102889
0.0102775
0.0103353
0.0103365
0.0102767
0.0103054
0.0102793
0.0102807
0.01027
0.0102833
0.010284
0.0103068
0.0102851
0.0102903
0.0102888
0.01027
0.0102714
0.0102464
0.0102564
0.0101934
0.0101827
0.0101935
0.0101875
0.0101872
0.0102352
0.0102218
0.0102178
0.0101598
0.010155
0.0101745
0.0101518
0.010152
0.0101541
0.0101662
0.0101523
0.0101453
0.0101342
0.010188
0.0101375
0.0101362
0.0101354
0.0101241
0.0101625
0.0101453
0.0101309
0.0101325
0.0101333
0.0101356
0.01015
0.0101238
0.0101199
0.010121
0.010117
0.0101082
0.0101338
0.0101659
0.010156
0.0101232
0.0101327
0.0101267
0.0101068
0.0100639
0.0100566
0.0100517
0.0100516
0.0100486
0.0100426
0.0100381
0.0100338
0.0100228
0.00998616
0.00997865
0.00998479
0.00998655
0.0099775
0.00995322
0.00995322
0.00994957
0.00994775
0.00994573
0.00992205
0.00990031
0.00990606
0.00992629
0.00994248
0.00988095
0.00985268
0.00986979
0.00986154
0.00986145
0.00985634
0.00986048
0.0098638
0.00985592
0.00985944
0.00984307
0.00984242
0.00984321
0.0098278
0.00992336
0.00984292
0.00985175
0.0098473
0.00984624
0.00983644
0.00984322
0.00987665
0.00982494
0.00981996
0.00982287
0.00980923
0.00981259
0.00980528
0.00978159
0.00978431
0.00976739
0.00976162
0.00978042
0.00978828
0.00981134
0.00980026
0.00982017
0.00977655
0.00977438
0.00977353
0.00977243
0.00975729
0.00966367
0.00966004
0.0096889
0.00968871
0.00967746
0.00973603
0.00971178
0.00971678
0.0097652
0.00975466
0.00971155
0.00968775
0.00968397
0.00967217
0.00971368
0.00968074
0.00968572
0.00966329
0.00967592
0.00967191
0.00965157
0.00967501
0.00971239
0.00970088
0.00970516
0.00969857
0.00967353
0.00966659
0.00967243
0.00966618
0.00970414
0.00967136
0.00964588
0.00965524
0.00965927
0.00966024
0.00965318
0.009653
0.00965296
0.00965316
0.00965256
0.00964046
0.00970778
0.00968571
0.00964001
0.00963755
0.00964166
0.00965001
0.0097004
0.0096903
0.00964129
0.00963059
0.00964962
0.00964473
0.00967384
0.0096739
0.00967967
0.00962372
0.00962224
0.00963135
0.00963213
0.0096231
0.0096358
0.00962986
0.00963641
0.00963743
0.00963202
0.00964551
0.00963516
0.00964594
0.00964449
0.0096624
0.00964026
0.00964609
0.00967096
0.00963516
0.009639
0.00963298
0.0096418
0.00963302
0.00963353
0.00963223
0.00965609
0.00962954
0.0096921
0.00967921
0.00964392
0.00962906
0.00964772
0.00963095
0.00965465
0.00962808
0.00963009
0.00962598
0.00965345
0.00963885
0.00964779
0.00962667
0.00963084
0.00963624
0.00963046
0.0096254
0.00963558
0.00964151
0.00962867
0.00963061
0.00962665
0.00961895
0.00962029
0.00962441
0.00963528
0.00962316
0.00964965
0.00962761
0.00961547
0.00961204
0.00962126
0.00962183
0.00963221
0.00963139
0.00962647
0.00963091
0.00960983
0.00961151
0.00961054
0.00960993
0.00965009
0.00960745
0.00961068
0.00960278
0.00959211
0.00960302
0.00958759
0.00958869
0.00958789
0.0095992
0.00966318
0.00960982
0.00958971
0.00958551
0.00958537
0.00963239
0.00959309
0.0095703
0.00956943
0.00957078
0.0095623
0.00957458
0.00956336
0.00956386
0.00959387
0.00960225
0.00955194
0.00955145
0.00956456
0.00956168
0.00955019
0.00954871
0.00954411
0.00954877
0.00954837
0.00955074
0.00955792
0.00956524
0.00955169
0.00955635
0.00955238
0.0095542
0.00955477
0.009589
0.00955426
0.00955788
0.0095563
0.00955943
0.0095497
0.00955114
0.00958957
0.00955115
0.00956042
0.00956455
0.00963456
0.00954805
0.00954784
0.0095445
0.00955804
0.00954139
0.00954849
0.00954366
0.00955562
0.00955942
0.00954395
0.00954976
0.00954779
0.00954344
0.00954489
0.00952748
0.00952335
0.00952961
0.0095387
0.00953538
0.00952655
0.0095235
0.00954384
0.00952849
0.00952852
0.00953716
0.00953886
0.00952956
0.00954366
0.00953258
0.00952678
0.00952705
0.00950973
0.00951529
0.0095178
0.00952269
0.00951455
0.00952445
0.00952679
0.0095316
0.00952451
0.00952474
0.00954085
0.0095388
0.0095318
0.00952128
0.00952134
0.00955419
0.00955306
0.0095581
0.00955951
0.00951874
0.00951544
0.00951544
0.00951567
0.00951223
0.00952677
0.00951048
0.00951967
0.00951864
0.0095127
0.00951355
0.00951203
0.00951583
0.00950778
0.00951486
0.0095264
0.00951565
0.0095131
0.00951561
0.00951847
0.00954195
0.00954365
0.0095131
0.00951344
0.00951366
0.00953416
0.00951299
0.00954822
0.00953425
0.00951341
0.00951487
0.00950562
0.00950811
0.00951437
0.00952214
0.00950242
0.0095079
0.0094799
0.00948698
0.00950076
0.00949448
0.00948806
0.00948453
0.00948089
0.00953391
0.00949392
0.0095011
0.00949409
0.00948719
0.00948387
0.00948355
0.0095026
0.00948714
0.00949802
0.00948675
0.00948003
0.00949209
0.00948276
0.00948133
0.00947081
0.00947083
0.00947523
0.00948321
0.00947316
0.00947604
0.00947557
0.00947444
0.00947887
0.00947573
0.00948113
0.00947511
0.00949628
0.00947305
0.00950544
0.00947908
0.00948445
0.00947962
0.0094752
0.00948264
0.00948796
0.0094755
0.0094807
0.00947802
0.00947586
0.00947819
0.00947708
0.00947702
0.00949572
0.00947555
0.00947473
0.00947258
0.00947194
0.00947272
0.00949371
0.00947326
0.00947432
0.00948055
0.00947893
0.00947925
0.00947951
0.0094734
0.00947338
0.0094964
0.00948134
0.00947079
0.00946973
0.00946571
0.00946435
0.00946482
0.00947372
0.00946493
0.00947044
0.00946663
0.0094631
0.00946706
0.00946303
0.00946175
0.00948301
0.00946492
0.00948394
0.0094642
0.00948739
0.00948766
0.00946231
0.00946407
0.00946343
0.00947436
0.00955287
0.00950546
0.00948013
0.00946824
0.00946594
0.00946129
0.00948555
0.00945999
0.00946147
0.00946205
0.00945215
0.00945147
0.00945267
0.00949259
0.00945329
0.00945329
0.00946896
0.00945241
0.00944552
0.00947998
0.00944603
0.00944901
0.00945875
0.00945762
0.0094486
0.00944644
0.00944337
0.00945151
0.00943878
0.00944233
0.00944461
0.00944928
0.00945288
0.00944363
0.0094347
0.00943477
0.00944046
0.00944821
0.00944559
0.0094466
0.00947724
0.00943431
0.00946674
0.0094276
0.00942971
0.00942405
0.00945659
0.00942456
0.00945604
0.00951671
0.00942898
0.0094235
0.00942422
0.00945774
0.00948964
0.00955093
0.00946825
0.00941833
0.00942398
0.00942301
0.00942354
0.00941374
0.00941404
0.00941305
0.00940568
0.00940549
0.00940366
0.00944021
0.00941001
0.00940844
0.00941666
0.00941675
0.00941228
0.00940819
0.00940461
0.00941628
0.0094177
0.00940494
0.00940468
0.00941166
0.00940476
0.00940283
0.00938845
0.0093973
0.00939732
0.00939908
0.00940129
0.00939992
0.00938188
0.0093824
0.00938746
0.00939892
0.00940455
0.00940604
0.00938738
0.00939296
0.00941919
0.00940889
0.0094052
0.00940066
0.00939414
0.0093949
0.00939342
0.0093873
0.00940383
0.00939638
0.00938773
0.00939222
0.0094059
0.00938854
0.00938694
0.00938669
0.00939967
0.00938943
0.00938623
0.0093999
0.00938592
0.00938222
0.00938292
0.00937968
0.00940855
0.009375
0.00937399
0.00938285
0.00935901
0.00936407
0.00936008
0.00936626
0.00936138
0.00936688
0.00936448
0.00936271
0.0093502
0.0093509
0.00935053
0.00935007
0.00938188
0.00935381
0.00935626
0.00935897
0.00935421
0.00936151
0.00938186
0.00935335
0.00936773
0.00935401
0.00935979
0.00937929
0.0093515
0.00935053
0.00935866
0.00934718
0.00935636
0.00938225
0.00937048
0.00934936
0.00934913
0.00934918
0.00934655
0.00934691
0.00935262
0.00934685
0.00934671
0.00934662
0.00936078
0.00935749
0.0093387
0.00933801
0.00934019
0.00933717
0.00934157
0.0093472
0.00934691
0.00937497
0.00935391
0.00934907
0.00933787
0.00933735
0.00934203
0.00933405
0.00936179
0.00933393
0.00934302
0.00933466
0.00932925
0.00932901
0.00933907
0.00934053
0.0093343
0.00935447
0.00933627
0.00936032
0.00936677
0.00936793
0.00934274
0.0093342
0.00933189
0.0093302
0.00932895
0.00934894
0.0093433
0.00935779
0.00933226
0.0093263
0.00932505
0.00932536
0.00938628
0.00933781
0.00933324
0.00932541
0.00932621
0.00933652
0.00934146
0.00934846
0.0093255
0.00932554
0.00933047
0.00932532
0.00932537
0.00932194
0.00932005
0.00932172
0.00934464
0.00932309
0.00932555
0.00932186
0.00932048
0.00932114
0.00931839
0.00932946
0.00931811
0.00931747
0.0093213
0.0093301
0.00932105
0.00931828
0.00932072
0.00932203
0.00930873
0.00930894
0.00931007
0.00931336
0.0093134
0.00932476
0.00931112
0.00931126
0.00931257
0.00931419
0.0093413
0.00931405
0.00931852
0.00930933
0.00931811
0.00931698
0.00932233
0.00930963
0.00931072
0.00930813
0.00931519
0.00930755
0.00930442
0.00930363
0.00930357
0.00930373
0.00931183
0.00930715
0.00930518
0.00931279
0.00927974
0.00928019
0.00927671
0.00927341
0.00928122
0.00927445
0.0092813
0.00927724
0.00927913
0.00928458
0.00927426
0.00927492
0.00927586
0.00927528
0.00927565
0.00927305
0.00927922
0.00926853
0.0093018
0.0092675
0.00927007
0.00926677
0.00926706
0.00926632
0.00928397
0.00926632
0.00926636
0.00931592
0.00928732
0.00926685
0.00927792
0.00926665
0.00927625
0.00927241
0.00933527
0.00926668
0.00926629
0.00926685
0.00926711
0.00926603
0.00927201
0.00926704
0.00925877
0.0092643
0.00925879
0.00925878
0.00926079
0.00925784
0.00925611
0.00926102
0.00925551
0.00925181
0.00927019
0.00925401
0.0092484
0.00924581
0.00924588
0.00924087
0.00925814
0.00925527
0.00927381
0.00924994
0.00923861
0.00923684
0.00923622
0.00923721
0.00924458
0.00924369
0.00924378
0.00924389
0.00924916
0.00925114
0.00928008
0.0092464
0.00924734
0.00924433
0.0092456
0.00924487
0.00928134
0.00924413
0.0093425
0.00924611
0.0092435
0.00924484
0.0092571
0.009245
0.00926882
0.00926
0.00924709
0.00924734
0.00924726
0.00924383
0.00924385
0.00924608
0.00924372
0.00924351
0.00929867
0.00924568
0.00924997
0.00923924
0.00924684
0.00925505
0.00925404
0.00924761
0.00924351
0.00923838
0.00924391
0.00925048
0.00923648
0.00923574
0.00924268
0.00923561
0.00924108
0.00923585
0.00926113
0.00923542
0.00923419
0.00922869
0.00922772
0.00923184
0.0092266
0.00922647
0.00925241
0.00922742
0.00922061
0.00922575
0.00922165
0.00922159
0.00921095
0.00921182
0.00921727
0.00920755
0.00921419
0.00929536
0.00921898
0.00921428
0.00922647
0.00921375
0.00922234
0.00921303
0.0092122
0.00921222
0.00921152
0.00922728
0.00921521
0.00921423
0.00924336
0.0092117
0.00923042
0.00921128
0.00922191
0.00922816
0.00923395
0.00921066
0.00920799
0.00926764
0.00926831
0.00920691
0.00922196
0.00920767
0.00920882
0.0092013
0.00918999
0.00919068
0.00921662
0.00919162
0.00920113
0.00919951
0.00921211
0.0092026
0.00919683
0.00920485
0.00919893
0.00919884
0.00920137
0.00920315
0.00919486
0.00919493
0.00919609
0.00919657
0.00926164
0.00920295
0.00920531
0.00919585
0.00920014
0.0092004
0.00919099
0.0091967
0.00919843
0.00919516
0.00919838
0.00919683
0.00919432
0.0091964
0.00919363
0.00919375
0.00919455
0.00920926
0.00920026
0.00919251
0.00919533
0.00919993
0.0091944
0.00919389
0.00920572
0.00919402
0.00919618
0.00919238
0.00919373
0.00919888
0.0091934
0.00919429
0.00920917
0.00919299
0.00919792
0.00919962
0.00919373
0.00918644
0.00918966
0.00919008
0.00918932
0.00918625
0.00918829
0.00918871
0.00918587
0.00919113
0.00918768
0.00918771
0.00919019
0.00918891
0.00919518
0.00918784
0.00918959
0.00918821
0.00942645
0.00919047
0.0091866
0.00918875
0.00918634
0.00918824
0.00919723
0.00919703
0.00918954
0.00918894
0.00918713
0.00918703
0.00918816
0.00918891
0.00918581
0.00918666
0.00918699
0.0091877
0.00918063
0.00917848
0.00917781
0.00918592
0.00918253
0.00918696
0.00918014
0.00918284
0.00918577
0.00917829
0.00917846
0.00917887
0.00918867
0.00918092
0.00917779
0.00917409
0.00918155
0.00917316
0.00916672
0.00916864
0.009166
0.00916626
0.00917178
0.00916885
0.00917483
0.0091596
0.00915827
0.0091576
0.00915763
0.00916522
0.0091616
0.00916168
0.00922669
0.00917453
0.00916137
0.0091648
0.00916797
0.00915945
0.00915998
0.0091647
0.00916185
0.0091608
0.00920096
0.00916106
0.00915968
0.00915899
0.00916084
0.00916071
0.0091983
0.00916047
0.00915948
0.00916121
0.0091611
0.00916195
0.00917242
0.00916112
0.00916
0.00916195
0.00916046
0.00916122
0.00915844
0.00915931
0.00915952
0.00916986
0.00917655
0.00915918
0.00916798
0.00916018
0.0091637
0.00916295
0.00916256
0.00916034
0.00916984
0.00916036
0.00918199
0.00916121
0.00915782
0.00915838
0.00915068
0.00915742
0.00915055
0.00915053
0.00915372
0.00915366
0.00916149
0.00915209
0.00915091
0.00915791
0.00915244
0.00915364
0.00915553
0.00915111
0.00914962
0.00915121
0.00914974
0.0091819
0.00914347
0.00914262
0.00914258
0.00916987
0.00914258
0.00914238
0.00948103
0.00914117
0.00914134
0.00913871
0.00913515
0.00913525
0.00915353
0.00913432
0.00914313
0.00913664
0.00916638
0.00914009
0.00914413
0.00913792
0.00913089
0.00913186
0.00913107
0.00913035
0.00912913
0.00912828
0.00912879
0.00912532
0.00912449
0.00912866
0.00912842
0.00912904
0.00913974
0.00917508
0.00914004
0.0091274
0.00912904
0.00912521
0.00913659
0.00913924
0.00912382
0.00912525
0.00913282
0.00914507
0.00913348
0.00912468
0.00913957
0.00912699
0.00912906
0.00912455
0.00912409
0.00913355
0.0091215
0.00912066
0.00912394
0.00912442
0.0091244
0.00912364
0.00912616
0.00912311
0.00912249
0.00912247
0.00916858
0.00912106
0.00912294
0.00912155
0.00912987
0.00912146
0.00912363
0.0091242
0.00912266
0.00912237
0.00913493
0.00912463
0.00912775
0.00912696
0.00912218
0.00912569
0.00912252
0.00912127
0.00912127
0.00912171
0.00912352
0.00914116
0.00913004
0.00912107
0.00912168
0.00912295
0.00913535
0.00912047
0.00912498
0.00912275
0.00912078
0.0091194
0.0091185
0.00911901
0.00911721
0.00911721
0.0091136
0.00911385
0.00911552
0.00911585
0.00912673
0.00912456
0.00911241
0.00911403
0.00911779
0.00911545
0.00911545
0.00911419
0.00911597
0.0091178
0.00912739
0.00911698
0.00914731
0.00911401
0.0091124
0.0091092
0.00911298
0.00911694
0.00909954
0.00909684
0.00909766
0.00910232
0.0090991
0.00910041
0.00911459
0.00909191
0.00909246
0.00908946
0.00908729
0.0090888
0.00909284
0.00909107
0.00909015
0.00908785
0.00908773
0.00908757
0.00910657
0.00908605
0.00908534
0.00909233
0.00908467
0.00908595
0.00908888
0.00908921
0.00910302
0.00908695
0.009088
0.00910223
0.00911812
0.0090874
0.00908721
0.0090862
0.00908785
0.00908647
0.00908706
0.00908867
0.00909003
0.00908872
0.00908962
0.00909549
0.00918829
0.00908682
0.00908762
0.00908991
0.0090866
0.009087
0.00910919
0.00908835
0.00908685
0.00908733
0.0090864
0.00908721
0.00908532
0.00908532
0.00907892
0.00907703
0.00907756
0.00908985
0.00909176
0.0090755
0.00907519
0.00907672
0.00907911
0.00907686
0.0090983
0.00908018
0.00907751
0.00907884
0.00907624
0.00908984
0.0091311
0.0090758
0.00907631
0.00907476
0.00907472
0.00907721
0.00907412
0.00907482
0.00907267
0.00906993
0.00907498
0.00906583
0.00906764
0.00908069
0.00910642
0.00907605
0.00907112
0.00907486
0.00905969
0.00907058
0.00907293
0.00906983
0.00909054
0.00906832
0.00912298
0.00905984
0.0090566
0.00905433
0.00905248
0.00905467
0.00905467
0.00905564
0.00905562
0.00905788
0.00905692
0.00905248
0.00904445
0.0090448
0.00904635
0.00909379
0.00904611
0.00904959
0.00904683
0.00904799
0.00905824
0.00904588
0.00903944
0.00904239
0.00903947
0.00903675
0.00903667
0.00904511
0.00906895
0.00904377
0.00904162
0.0090545
0.00907068
0.00904696
0.00904247
0.00904224
0.00904438
0.00905063
0.00904345
0.0090433
0.0090479
0.00905047
0.00904241
0.00904978
0.00904848
0.00904129
0.0090566
0.00904391
0.00906213
0.00904204
0.00904342
0.00904122
0.00904403
0.00904509
0.00903954
0.00904559
0.00904224
0.0090412
0.00904151
0.00903965
0.0090391
0.0090408
0.00903725
0.00903668
0.00904715
0.00903834
0.00904329
0.009038
0.00903806
0.00903875
0.00903985
0.00903958
0.00904012
0.00904344
0.00903978
0.009035
0.009122
0.00904281
0.00903373
0.00903418
0.00903568
0.00905096
0.00912538
0.00903781
0.00903781
0.0090383
0.00903867
0.00903944
0.00904355
0.00904018
0.00904975
0.00903804
0.00904349
0.00904753
0.00905204
0.00905686
0.00903703
0.0090353
0.00903671
0.00907517
0.00903648
0.00903811
0.00907471
0.00903512
0.00903607
0.00903073
0.0090302
0.0090294
0.00903593
0.00903594
0.00903602
0.0090381
0.00906306
0.0090359
0.00903852
0.00903727
0.00905675
0.00903532
0.00903729
0.00903476
0.00904899
0.00903695
0.00905165
0.00904116
0.00903728
0.00903591
0.00903022
0.00905015
0.00902962
0.00902909
0.00902877
0.00902932
0.0090313
0.0090306
0.00902969
0.00903515
0.00903126
0.00903432
0.009028
0.00902714
0.00903022
0.00902714
0.00902889
0.0090277
0.00903397
0.00902807
0.00902652
0.00902728
0.00902675
0.00902836
0.00902362
0.00902315
0.00902177
0.00902006
0.0090205
0.00902005
0.00901704
0.00901644
0.00902409
0.00901723
0.00902041
0.00901756
0.0090182
0.00902176
0.00901661
0.00902084
0.00901623
0.00901606
0.00902185
0.00901655
0.00901609
0.00901397
0.00902049
0.00902124
0.00901893
0.00901334
0.00901343
0.00901347
0.00901297
0.00901396
0.00901991
0.00903214
0.00901427
0.00901336
0.00901441
0.00901981
0.00902085
0.00901352
0.00901358
0.00901274
0.0090129
0.00901137
0.00902242
0.0090109
0.00902037
0.00901158
0.00901101
0.00901233
0.00900965
0.00900958
0.0090094
0.00900861
0.00901144
0.00900683
0.00900927
0.00901543
0.00900927
0.00900987
0.00901055
0.00900935
0.00901073
0.00901179
0.00901335
0.00901272
0.0090092
0.00900859
0.00902067
0.00900867
0.00900861
0.00901488
0.00905331
0.00902402
0.00900446
0.00900471
0.00900875
0.00900996
0.0090311
0.00900424
0.00902631
0.00900339
0.00900302
0.00900717
0.00901179
0.00900514
0.00900604
0.00900854
0.00900611
0.00900967
0.00900573
0.00900565
0.00900734
0.00900561
0.00902376
0.00901813
0.00900262
0.00900367
0.00900224
0.00901605
0.00900257
0.00900406
0.00900171
0.00900236
0.00900624
0.00900265
0.00900203
0.0090017
0.00900145
0.00900099
0.00900663
0.00900023
0.00900153
0.00900389
0.00900942
0.00900183
0.00900298
0.00900392
0.00902167
0.00900128
0.00900145
0.0090012
0.00900786
0.00900235
0.00900305
0.00903957
0.00901436
0.00900157
0.0090107
0.00900117
0.0090029
0.0090023
0.00900605
0.00900118
0.00899903
0.00899892
0.00900805
0.00900103
0.00901001
0.00900034
0.00900195
0.00900072
0.00899657
0.00899731
0.00899604
0.00899648
0.00899743
0.00899654
0.00899701
0.00900185
0.00899488
0.00899434
0.0089971
0.00899724
0.00900835
0.00899759
0.00900399
0.00900701
0.00900786
0.00900015
0.00900488
0.00900604
0.00899696
0.00899801
0.0090014
0.00899676
0.00899707
0.00900915
0.00899765
0.00899735
0.00900008
0.00899834
0.00899933
0.00901661
0.00899758
0.00899699
0.00899844
0.00899761
0.00899989
0.0090002
0.00899671
0.00899729
0.00899728
0.00899765
0.00899985
0.00902238
0.00900112
0.00899708
0.00898735
0.00899096
0.00899404
0.00899331
0.00899284
0.00899274
0.00899799
0.00899284
0.00899201
0.0089944
0.00899277
0.00899274
0.00899207
0.00899198
0.00899156
0.00899335
0.00899229
0.00899218
0.00899406
0.00899154
0.00899123
0.00898879
0.00899095
0.0089874
0.00898774
0.00900044
0.00899195
0.00898857
0.00898728
0.00898886
0.0089867
0.00898761
0.00898764
0.00898981
0.00898686
0.00898882
0.00899138
0.00898417
0.00898424
0.008984
0.0089849
0.00898655
0.00898407
0.00898357
0.0089835
0.00898369
0.00898539
0.00898365
0.00898365
0.00898492
0.00898333
0.00898311
0.00898472
0.00898507
0.00898477
0.0089775
0.00899002
0.00897807
0.00897817
0.00897932
0.00897889
0.00898075
0.00897925
0.00897901
0.00898066
0.00897924
0.00899822
0.00897895
0.0089797
0.00897966
0.0089794
0.00897971
0.0089789
0.00897975
0.00898613
0.00898874
0.00898059
0.00897762
0.00897852
0.00897747
0.00897641
0.00897643
0.00897715
0.0089767
0.00897565
0.0089753
0.00897661
0.00897548
0.0089853
0.00897692
0.00899054
0.00897585
0.00897397
0.00897369
0.00897447
0.00897265
0.0089736
0.00897412
0.00897628
0.00897168
0.00897286
0.00897182
0.00897163
0.00897177
0.00897003
0.00897681
0.00896982
0.00897215
0.00897107
0.00897455
0.00897729
0.00897096
0.00897153
0.00897112
0.0089707
0.00896994
0.00897039
0.00897163
0.00900117
0.00897053
0.00897092
0.00896876
0.00896845
0.00897195
0.0089723
0.0089681
0.00897825
0.0089676
0.00897402
0.00896845
0.00896733
0.00896747
0.00896776
0.00896768
0.00897395
0.00897443
0.00897374
0.00896836
0.00896816
0.00896817
0.00896766
0.00897076
0.00896736
0.00896774
0.00896519
0.00896644
0.00896487
0.00896485
0.00896405
0.00896448
0.00896367
0.00899449
0.00896355
0.00896327
0.00896407
0.0089669
0.00896445
0.00896669
0.00896382
0.00896229
0.00896278
0.0089628
0.00898025
0.00896392
0.00896302
0.00896951
0.00896296
0.00896263
0.00896403
0.00896105
0.00896146
0.00896027
0.00896042
0.00898724
0.00896772
0.00896112
0.00896218
0.00896915
0.00896015
0.00896673
0.00895994
0.0089591
0.00895915
0.008967
0.00896034
0.00896379
0.00896417
0.00895964
0.00896555
0.00895915
0.00896101
0.00895933
0.00895986
0.0089603
0.00896035
0.00896088
0.00895994
0.0089609
0.00896322
0.0089605
0.00896005
0.00897651
0.00896152
0.00895984
0.00896053
0.00895927
0.00895991
0.00895966
0.00896349
0.00895989
0.00898349
0.00895973
0.00895992
0.00896164
0.00896129
0.00896013
0.0089623
0.00895912
0.00896473
0.00896101
0.0089631
0.00896083
0.00896048
0.00895919
0.00896095
0.008962
0.00897024
0.00895964
0.00895926
0.00895873
0.0089649
0.00895866
0.00896069
0.00895914
0.00895866
0.00895948
0.00896131
0.0089583