Train
0.808058 0.81112 0.00306154
0.808509 0.81112 0.00261093
0.808247 0.811938 0.00369114
0.808878 0.817661 0.00878281
0.814793 0.817661 0.00286841
0.815683 0.817661 0.00197835
0.814305 0.817661 0.00335562
0.814293 0.816026 0.00173342
0.813042 0.816026 0.00298433
0.812752 0.815209 0.00245655
0.812309 0.811938 0.000370636
0.808963 0.816026 0.0070631
0.812489 0.812756 0.000267251
0.810699 0.811938 0.00123876
0.808429 0.816026 0.0075972
0.812767 0.80785 0.00491714
0.805872 0.802126 0.00374589
0.798196 0.799673 0.0014772
0.796469 0.800491 0.00402193
0.798258 0.800491 0.00223289
0.798297 0.805397 0.0070997
0.802491 0.806214 0.00372333
0.803913 0.805397 0.00148369
0.802289 0.808667 0.00637836
0.805136 0.816026 0.0108899
0.813559 0.812756 0.000802927
0.810894 0.870809 0.0599149
0.872696 0.865904 0.00679232
0.888573 0.905151 0.0165784
0.908253 0.903516 0.00473703
0.919197 0.903516 0.0156807
0.905393 0.892069 0.0133241
0.891591 0.882257 0.00933441
0.878833 0.882257 0.00342426
0.880151 0.890433 0.010282
0.893752 0.931316 0.037564
0.937186 0.930499 0.00668694
0.943167 0.959117 0.01595
0.951328 0.965658 0.0143295
0.958351 0.991823 0.0334723
0.965585 0.973017 0.00743197
0.960326 0.944399 0.0159274
0.933942 0.948487 0.0145445
0.93553 0.956664 0.0211342
0.950996 0.959117 0.00812109
0.953033 0.971382 0.0183489
0.957478 0.985282 0.0278042
0.963963 0.860998 0.102965
0.857835 0.860998 0.0031635
0.835448 0.860998 0.0255497
0.862404 0.860998 0.00140587
0.866622 0.860998 0.00562428
0.860287 0.860998 0.000711302
0.860287 0.860998 0.000711302
0.860287 0.860998 0.000711302
0.860287 0.860998 0.000711302
0.860287 0.860998 0.000711302
0.860287 0.860998 0.000711302
0.860287 0.860998 0.000711302
0.860287 0.860998 0.000711302
0.860287 0.860998 0.000711302
0.860287 0.860998 0.000711302
0.860287 0.860998 0.000711302
0.860287 0.860998 0.000711302
0.860287 0.860998 0.000711302
0.860287 0.860998 0.000711302
0.860287 0.860998 0.000711302
0.860287 0.860998 0.000711302
0.860287 0.860998 0.000711302
0.860287 0.860998 0.000711302
0.860287 0.860998 0.000711302
0.860287 0.860998 0.000711302
0.860287 0.860998 0.000711302
0.860287 0.710548 0.149739
0.718895 0.753884 0.0349886
0.749665 0.753884 0.00421872
0.765205 0.756337 0.00886849
0.761767 0.756337 0.00542954
0.751393 0.756337 0.00494376
0.754744 0.756337 0.00159253
0.754746 0.756337 0.00159146
0.754944 0.756337 0.00139252
0.754944 0.74816 0.00678448
0.747494 0.74816 0.000665915
0.746878 0.743254 0.00362435
0.74322 0.735895 0.00732512
0.736174 0.730989 0.00518468
0.730946 0.729354 0.00159187
0.729753 0.72363 0.00612343
0.724345 0.715454 0.00889145
0.7159 0.715454 0.000445676
0.715429 0.713818 0.00161057
0.714366 0.704824 0.00954161
0.705269 0.692559 0.0127105
0.692482 0.684383 0.0080986
0.684612 0.683565 0.00104682
0.684083 0.672118 0.011965
0.672419 0.680294 0.00787461
0.678849 0.676206 0.00264338
0.675048 0.677024 0.00197609
0.675139 0.673753 0.00138556
0.670997 0.672935 0.00193782
0.67086 0.677024 0.00616449
0.674655 0.679477 0.00482241
0.677396 0.679477 0.00208058
0.676922 0.681112 0.00418952
0.678288 0.682747 0.0044589
0.68037 0.682747 0.0023771
0.680583 0.684383 0.00380014
0.682079 0.683565 0.00148563
0.681509 0.681112 0.000397094
0.679125 0.680294 0.00116929
0.67826 0.682747 0.00448656
0.680952 0.690106 0.0091542
0.688224 0.690924 0.00270019
0.688971 0.692559 0.00358846
0.690019 0.695012 0.0049928
0.692647 0.699101 0.00645375
0.697307 0.701554 0.00424659
0.699778 0.701554 0.00177615
0.699767 0.704824 0.00505747
0.702944 0.70973 0.00678559
0.708174 0.712183 0.00400895
0.710754 0.715454 0.00469965
0.713605 0.721177 0.00757189
0.71929 0.726083 0.00679303
0.724421 0.731807 0.00738565
0.729807 0.742437 0.0126298
0.739943 0.759608 0.0196648
0.756803 0.770237 0.0134335
0.76777 0.771872 0.0041018
0.768411 0.766966 0.00144528
0.763342 0.760425 0.00291677
0.758095 0.745707 0.0123876
0.745709 0.739984 0.00572475
0.740315 0.736713 0.00360214
0.737841 0.729354 0.00848697
0.730834 0.726083 0.00475144
0.726368 0.721177 0.00519062
0.721724 0.719542 0.00218172
0.71988 0.721177 0.00129657
0.721026 0.704007 0.0170191
0.704798 0.687653 0.017145
0.68782 0.6852 0.00262045
0.685611 0.686018 0.000407325
0.687529 0.682747 0.00478188
0.682866 0.68193 0.000935992
0.680273 0.683565 0.00329185
0.681797 0.673753 0.00804418
0.672324 0.62224 0.0500843
0.618441 0.623058 0.00461672
0.618431 0.634505 0.0160736
0.633142 0.635323 0.00218129
0.633639 0.644317 0.0106776
0.637053 0.650859 0.0138064
0.644038 0.6574 0.013362
0.651698 0.668029 0.016331
0.662376 0.670482 0.00810624
0.665782 0.663123 0.00265943
0.658479 0.682747 0.0242682
0.678164 0.688471 0.0103066
0.686296 0.677841 0.00845504
0.674997 0.675388 0.000391102
0.670979 0.667212 0.00376664
0.665343 0.647588 0.0177548
0.645959 0.6435 0.00245855
0.640445 0.654947 0.0145019
0.65284 0.656582 0.00374162
0.654379 0.670482 0.016103
0.665809 0.682747 0.0169376
0.678094 0.664759 0.0133345
0.660849 0.66067 0.000179003
0.655483 0.591169 0.064314
0.583457 0.565822 0.017635
0.557265 0.524939 0.0323264
0.5101 0.529845 0.0197451
0.519782 0.53148 0.0116984


 RMSE:  0.0184519
 NMSE:  0.000582231
Test
0.44303 0.473426 0.0303962
0.442276 0.488144 0.0458676
0.457637 0.492232 0.0345952
0.461788 0.478332 0.0165439
0.446595 0.488144 0.0415486
0.457397 0.491415 0.0340183
0.461882 0.494685 0.0328034
0.467029 0.495503 0.0284745
0.465389 0.484873 0.019484
0.454698 0.48242 0.0277224
0.452713 0.457073 0.00436022
0.425144 0.456255 0.0311111
0.426859 0.464432 0.0375733
0.433686 0.47915 0.0454644
0.450964 0.473426 0.0224622
0.440996 0.465249 0.024253
0.432149 0.451349 0.0192
0.417151 0.447261 0.0301098
0.415866 0.421913 0.00604658
0.388716 0.422731 0.0340149
0.391877 0.424366 0.0324888
0.390748 0.423549 0.0328009
0.391894 0.428455 0.0365607
0.393886 0.421913 0.028027
0.386562 0.430908 0.0443462
0.397025 0.432543 0.0355175
0.397037 0.427637 0.0305996
0.393547 0.403925 0.0103784
0.367872 0.404742 0.0368697
0.371558 0.413737 0.042179
0.379927 0.403107 0.0231803
0.370264 0.386754 0.0164898
0.352617 0.403925 0.0513079
0.369558 0.401472 0.0319142
0.366756 0.415372 0.0486155
0.38266 0.441537 0.0588771
0.404417 0.438267 0.0338498
0.402019 0.426002 0.023983
0.38922 0.43009 0.0408704
0.393219 0.446443 0.0532235
0.413311 0.433361 0.0200496
0.399154 0.44072 0.0415657
0.406821 0.44072 0.0338987
0.404484 0.436631 0.0321475
0.403923 0.434178 0.0302554
0.399267 0.453802 0.0545353
0.420971 0.459526 0.0385553
0.426044 0.445626 0.0195821
0.411268 0.432543 0.021275
0.396521 0.414554 0.018033
0.380012 0.40556 0.0255481
0.373891 0.396566 0.0226752
0.364171 0.395748 0.0315772
0.36405 0.417007 0.052957
0.383784 0.44072 0.0569359


 RMSE:  0.0345575
 NMSE:  0.00634088

 ------------------------------ 5  87953580  0.0184519  0.0345575
Train
0.825353 0.81112 0.0142334
0.825257 0.81112 0.0141373
0.825134 0.811938 0.0131956
0.825371 0.817661 0.00770953
0.830112 0.817661 0.0124506
0.830321 0.817661 0.0126599
0.829767 0.817661 0.0121062
0.829454 0.816026 0.013428
0.828983 0.816026 0.0129575
0.828903 0.815209 0.0136937
0.828393 0.811938 0.0164545
0.825848 0.816026 0.00982155
0.8288 0.812756 0.016044
0.82673 0.811938 0.0147924
0.825681 0.816026 0.00965501
0.828419 0.80785 0.0205692
0.822932 0.802126 0.0208056
0.816962 0.799673 0.017289
0.814886 0.800491 0.0143952
0.817259 0.800491 0.016768
0.816739 0.805397 0.011342
0.82008 0.806214 0.0138662
0.820565 0.805397 0.0151681
0.819613 0.808667 0.010946
0.821819 0.816026 0.00579273
0.828679 0.812756 0.0159233
0.826319 0.870809 0.0444899
0.866872 0.865904 0.000968111
0.866204 0.905151 0.038947
0.88646 0.903516 0.0170564
0.883874 0.903516 0.0196418
0.888006 0.892069 0.00406255
0.878919 0.882257 0.00333806
0.876747 0.882257 0.00550998
0.87693 0.890433 0.0135029
0.883069 0.931316 0.0482466
0.904122 0.930499 0.0263774
0.903663 0.959117 0.0554537
0.914032 0.965658 0.0516258
0.916558 0.991823 0.0752649
0.92844 0.973017 0.0445767
0.920704 0.944399 0.023695
0.908693 0.948487 0.039794
0.90974 0.956664 0.0469241
0.917423 0.959117 0.041694
0.918544 0.971382 0.0528376
0.921057 0.985282 0.0642252
0.926467 0.860998 0.0654689
0.863531 0.860998 0.00253316
0.856182 0.860998 0.00481628
0.865388 0.860998 0.00439038
0.875486 0.860998 0.0144878
0.862868 0.860998 0.00186968
0.862868 0.860998 0.00186968
0.862868 0.860998 0.00186968
0.862868 0.860998 0.00186968
0.862868 0.860998 0.00186968
0.862868 0.860998 0.00186968
0.862868 0.860998 0.00186968
0.862868 0.860998 0.00186968
0.862868 0.860998 0.00186968
0.862868 0.860998 0.00186968
0.862868 0.860998 0.00186968
0.862868 0.860998 0.00186968
0.862868 0.860998 0.00186968
0.862868 0.860998 0.00186968
0.862868 0.860998 0.00186968
0.862868 0.860998 0.00186968
0.862868 0.860998 0.00186968
0.862868 0.860998 0.00186968
0.862868 0.860998 0.00186968
0.862868 0.860998 0.00186968
0.862868 0.860998 0.00186968
0.862868 0.710548 0.15232
0.727464 0.753884 0.0264202
0.765261 0.753884 0.011377
0.783953 0.756337 0.0276159
0.79533 0.756337 0.0389929
0.764845 0.756337 0.00850778
0.773127 0.756337 0.0167902
0.772907 0.756337 0.0165705
0.773372 0.756337 0.0170346
0.773372 0.74816 0.0252116
0.765197 0.74816 0.0170367
0.764738 0.743254 0.0214841
0.76064 0.735895 0.0247445
0.753503 0.730989 0.0225143
0.746822 0.729354 0.0174684
0.746115 0.72363 0.0224848
0.740135 0.715454 0.0246813
0.729964 0.715454 0.0145098
0.729282 0.713818 0.0154644
0.728649 0.704824 0.0238247
0.717984 0.692559 0.0254251
0.701636 0.684383 0.0172532
0.692592 0.683565 0.00902721
0.69325 0.672118 0.0211324
0.67957 0.680294 0.00072385
0.686755 0.676206 0.0105493
0.681829 0.677024 0.00480514
0.682498 0.673753 0.00874529
0.675379 0.672935 0.00244385
0.676578 0.677024 0.000445877
0.68083 0.679477 0.00135286
0.684672 0.679477 0.00519503
0.683547 0.681112 0.00243496
0.684586 0.682747 0.00183923
0.687418 0.682747 0.00467113
0.687908 0.684383 0.00352496
0.689496 0.683565 0.00593064
0.688844 0.681112 0.00773207
0.686042 0.680294 0.0057483
0.684858 0.682747 0.00211091
0.688566 0.690106 0.00154019
0.697614 0.690924 0.00668985
0.698174 0.692559 0.00561498
0.698777 0.695012 0.00376453
0.701507 0.699101 0.0024058
0.707886 0.701554 0.00633165
0.710681 0.701554 0.00912687
0.710456 0.704824 0.00563184
0.714081 0.70973 0.00435094
0.720549 0.712183 0.00836568
0.723754 0.715454 0.00829958
0.726645 0.721177 0.00546815
0.73313 0.726083 0.00704718
0.739264 0.731807 0.00745676
0.74525 0.742437 0.00281257
0.756339 0.759608 0.00326875
0.77431 0.770237 0.00407294
0.784816 0.771872 0.0129441
0.78536 0.766966 0.0183942
0.780205 0.760425 0.0197797
0.775695 0.745707 0.0299875
0.762992 0.739984 0.0230082
0.757783 0.736713 0.0210697
0.755384 0.729354 0.0260299
0.748218 0.726083 0.0221346
0.742232 0.721177 0.0210549
0.736711 0.719542 0.0171692
0.735048 0.721177 0.0138714
0.736069 0.704007 0.0320623
0.716944 0.687653 0.0292906
0.695791 0.6852 0.0105908
0.693614 0.686018 0.00759635
0.698628 0.682747 0.0158806
0.69271 0.68193 0.0107795
0.68773 0.683565 0.00416479
0.689381 0.673753 0.0156279
0.678241 0.62224 0.0560015
0.611095 0.623058 0.0119634
0.610932 0.634505 0.0235727
0.634215 0.635323 0.0011081
0.638343 0.644317 0.0059738
0.63422 0.650859 0.0166393
0.64202 0.6574 0.0153796
0.652551 0.668029 0.0154778
0.664658 0.670482 0.00582433
0.669142 0.663123 0.00601859
0.659757 0.682747 0.0229896
0.683781 0.688471 0.00469045
0.695105 0.677841 0.0172643
0.681501 0.675388 0.00611275
0.673281 0.667212 0.00606905
0.668884 0.647588 0.0212959
0.646738 0.6435 0.00323796
0.63911 0.654947 0.0158374
0.656211 0.656582 0.000371013
0.659308 0.670482 0.0111737
0.670439 0.682747 0.012308
0.683753 0.664759 0.0189939
0.663297 0.66067 0.00262651
0.654569 0.591169 0.0634
0.568194 0.565822 0.00237239
0.538454 0.524939 0.0135149
0.489103 0.529845 0.040742
0.502495 0.53148 0.0289847


 RMSE:  0.0237109
 NMSE:  0.000961416
Test
0.398844 0.473426 0.074582
0.391167 0.488144 0.0969773
0.408538 0.492232 0.083694
0.414474 0.478332 0.0638578
0.395152 0.488144 0.0929916
0.40685 0.491415 0.0845645
0.417313 0.494685 0.0773722
0.422863 0.495503 0.0726404
0.418139 0.484873 0.0667344
0.407002 0.48242 0.0754182
0.40454 0.457073 0.0525335
0.375346 0.456255 0.0809086
0.375883 0.464432 0.088549
0.385623 0.47915 0.0935268
0.405291 0.473426 0.0681351
0.38899 0.465249 0.0762592
0.376124 0.451349 0.0752247
0.361489 0.447261 0.0857716
0.362769 0.421913 0.059144
0.333736 0.422731 0.0889952
0.33393 0.424366 0.0904355
0.334401 0.423549 0.0891477
0.333681 0.428455 0.094774
0.33119 0.421913 0.0907226
0.323952 0.430908 0.106956
0.334278 0.432543 0.098265
0.33615 0.427637 0.0914867
0.331538 0.403925 0.0723868
0.302698 0.404742 0.102044
0.307282 0.413737 0.106455
0.320147 0.403107 0.0829596
0.308197 0.386754 0.0785574
0.283394 0.403925 0.120531
0.302374 0.401472 0.0990975
0.30429 0.415372 0.111082
0.315575 0.441537 0.125962
0.339092 0.438267 0.0991747
0.339287 0.426002 0.0867152
0.320628 0.43009 0.109462
0.328243 0.446443 0.1182
0.356944 0.433361 0.0764174
0.340819 0.44072 0.0999009
0.343595 0.44072 0.0971247
0.345068 0.436631 0.0915625
0.34557 0.434178 0.0886084
0.338168 0.453802 0.115634
0.364057 0.459526 0.0954688
0.371585 0.445626 0.0740406
0.351425 0.432543 0.0811184
0.333527 0.414554 0.081027
0.320819 0.40556 0.0847412
0.31533 0.396566 0.081236
0.304275 0.395748 0.0914726
0.301558 0.417007 0.115449
0.320486 0.44072 0.120234


 RMSE:  0.0909822
 NMSE:  0.0439518

 ------------------------------ 5  55472040  0.0237109  0.0909822
