Train
0.504447 0.503749 0.000697582
0.507407 0.506784 0.000622516
0.510041 0.509475 0.000565702
0.512546 0.512018 0.000527978
0.515085 0.514581 0.000504173
0.517804 0.517313 0.000490889
0.520839 0.52035 0.000488796
0.524328 0.523832 0.000496279
0.528416 0.527904 0.000511963
0.533261 0.53273 0.00053079
0.53905 0.538496 0.000554355
0.546 0.545421 0.000579175
0.554366 0.553767 0.000599173
0.56445 0.563843 0.000607013
0.576607 0.576019 0.000588162
0.591249 0.59073 0.000519356
0.608836 0.608474 0.000362067
0.629863 0.629807 5.63676e-005
0.654843 0.655311 0.000467904
0.684265 0.685524 0.00125924
0.718588 0.720809 0.00222142
0.758274 0.761137 0.00286263
0.80369 0.805741 0.0020513
0.853892 0.852679 0.00121302
0.903162 0.898412 0.00474987
0.94059 0.937689 0.00290052
0.960312 0.964158 0.00384629
0.964901 0.971957 0.00705631
0.955026 0.957845 0.00281859
0.924375 0.922716 0.00165854
0.871596 0.87141 0.000186281
0.810511 0.810912 0.000401466
0.750015 0.748127 0.00188842
0.691557 0.688365 0.00319235
0.637238 0.634863 0.0023748
0.589567 0.589029 0.000538054
0.54978 0.550975 0.00119522
0.517685 0.520029 0.002344
0.49224 0.49514 0.00290028
0.472104 0.475129 0.00302495
0.455953 0.458848 0.00289542
0.442608 0.445252 0.00264425
0.431074 0.433428 0.00235437
0.420528 0.422595 0.00206747
0.410293 0.412096 0.00180283
0.39981 0.40137 0.0015602
0.388604 0.38994 0.00133561
0.376278 0.377392 0.00111419
0.362487 0.36337 0.000882994
0.346938 0.347568 0.000630081
0.329397 0.329753 0.000356497
0.309708 0.309779 7.05152e-005
0.287831 0.287645 0.000186242
0.263903 0.263552 0.000350578
0.238339 0.237991 0.000347611
0.211981 0.211828 0.000153058
0.186213 0.186373 0.00015994
0.162955 0.163372 0.000417334
0.144365 0.144883 0.000518224
0.132361 0.132997 0.000636302
0.128307 0.129425 0.00111798
0.133026 0.135068 0.00204198
0.146805 0.14973 0.00292466
0.169037 0.17211 0.00307332
0.197803 0.200093 0.00228985
0.230171 0.231205 0.00103368
0.263151 0.263067 8.36402e-005
0.294486 0.293718 0.000767509
0.322803 0.32176 0.0010431
0.347411 0.346352 0.001059
0.368062 0.36712 0.000942054
0.384801 0.38403 0.000770898
0.39785 0.397269 0.000580527
0.407528 0.407138 0.000390348
0.414188 0.41398 0.000208428
0.418165 0.418126 3.89883e-005
0.419748 0.419864 0.000116279
0.419168 0.41942 0.000252312
0.416584 0.416949 0.000364759
0.412085 0.412538 0.000453296
0.405689 0.406201 0.000512076
0.397353 0.397891 0.000537604
0.386984 0.387503 0.00051913
0.374437 0.374887 0.000449853
0.359541 0.359861 0.000320163
0.342115 0.342239 0.000123526
0.321998 0.321867 0.000131061
0.299088 0.298679 0.000409498
0.273425 0.272785 0.00064014
0.245298 0.244575 0.00072302
0.215443 0.214855 0.00058778
0.18529 0.184976 0.000314125
0.157088 0.156899 0.000188564
0.133604 0.133129 0.000474602
0.117367 0.11642 0.000947239
0.110071 0.109257 0.000813514
0.112734 0.113211 0.000476633
0.12607 0.128433 0.0023629
0.150079 0.153534 0.00345548
0.182974 0.185917 0.0029432
0.221035 0.222421 0.00138555
0.260116 0.259985 0.00013113
0.297162 0.296114 0.00104844
0.330481 0.329081 0.00139996
0.359329 0.357907 0.0014216
0.383516 0.38222 0.00129648
0.403198 0.402078 0.00112012
0.418733 0.417801 0.000932238
0.430585 0.429842 0.00074271
0.439249 0.43869 0.000559056
0.445197 0.444813 0.000383692
0.448842 0.448621 0.000220963
0.450521 0.450447 7.36545e-005
0.450488 0.450547 5.91503e-005
0.448919 0.449094 0.000174633
0.445914 0.446186 0.00027159
0.4415 0.441852 0.000352411
0.435637 0.436052 0.000415477
0.428225 0.428684 0.000459229
0.419109 0.419587 0.000477842
0.40808 0.408541 0.000461161
0.394879 0.395277 0.000398223
0.379209 0.379479 0.000270259
0.360742 0.360805 6.30969e-005
0.339152 0.338919 0.000233379
0.314147 0.313541 0.000605949
0.285529 0.284545 0.000984333
0.253337 0.252097 0.00124031
0.21809 0.216847 0.00124295
0.181248 0.180157 0.00109073
0.145687 0.14431 0.00137661
0.115428 0.112545 0.00288312
0.0940899 0.0887831 0.00530685
0.0835178 0.0768867 0.00663106
0.0844213 0.0795985 0.00482283
0.0979728 0.0975673 0.000405456
0.125652 0.129002 0.00335035
0.16642 0.170184 0.00376419
0.214894 0.216553 0.00165908
0.264362 0.263817 0.000544531
0.310399 0.308661 0.00173773
0.351092 0.348979 0.00211274
0.385869 0.383754 0.00211544
0.414794 0.412793 0.00200141
0.43829 0.436429 0.00186119
0.457002 0.455291 0.00171088
0.471678 0.470125 0.00155334
0.483076 0.481684 0.001392
0.491904 0.490667 0.00123656
0.498782 0.497688 0.00109413
0.50424 0.503271 0.000969061
0.508712 0.507847 0.000864609
0.512555 0.511772 0.000782714
0.516064 0.515341 0.000722645
0.519479 0.518797 0.000682193
0.523012 0.522354 0.000657585
0.526852 0.526203 0.000648747
0.531178 0.530526 0.000651753
0.536173 0.53551 0.00066285
0.542036 0.541354 0.000681951
0.548984 0.548279 0.000705478
0.557267 0.556541 0.000725873
0.567172 0.566434 0.000738003
0.579029 0.578304 0.000725484
0.593218 0.592551 0.000666587
0.610155 0.609629 0.000525601
0.63029 0.630039 0.000250828
0.654078 0.6543 0.000222019
0.681946 0.682886 0.000939725
0.714278 0.716112 0.00183367
0.751419 0.753951 0.00253195
0.793599 0.795736 0.00213664
0.840163 0.839801 0.000362121
0.887157 0.883113 0.00404392
0.925879 0.921147 0.00473185
0.949124 0.948321 0.000803271
0.956794 0.959235 0.00244051
0.949757 0.950456 0.000698934
0.924106 0.92198 0.00212563
0.878175 0.877412 0.000762864
0.822153 0.822689 0.000535929
0.765345 0.764177 0.00116816
0.710028 0.707149 0.00287881
0.657909 0.655115 0.00279369
0.611303 0.609864 0.00143887
0.571713 0.571868 0.000154814
0.539361 0.540744 0.00138299
0.513542 0.515645 0.00210291
0.493132 0.495531 0.0023988
0.476925 0.47934 0.00241486
0.4638 0.466077 0.00227706
0.452784 0.454859 0.00207481
0.443066 0.444924 0.00185826
0.433966 0.435621 0.00165489
0.424921 0.426392 0.0014713
0.41545 0.416758 0.00130833
0.405135 0.406292 0.00115709
0.393601 0.394604 0.00100336
0.380502 0.381337 0.00083501
0.36552 0.366154 0.000634038
0.348361 0.348751 0.000389994
0.328779 0.32888 0.000100842
0.306597 0.306384 0.000212502
0.281764 0.281272 0.000492396
0.254457 0.253809 0.00064847
0.225228 0.224635 0.000593456
0.195245 0.194898 0.000346593
0.166464 0.166336 0.000128142
0.141499 0.141256 0.000242849
0.122986 0.122323 0.000663066
0.112877 0.11211 0.000767044
0.11235 0.112489 0.000138633
0.122189 0.124071 0.00188158
0.142681 0.145955 0.00327367
0.172683 0.175913 0.00322969
0.209047 0.210952 0.00190456
0.247664 0.247977 0.000312966
0.28512 0.284325 0.000794557
0.319342 0.318041 0.00130077
0.349329 0.347926 0.00140345
0.374741 0.373428 0.00131314
0.395623 0.394474 0.00114931
0.412265 0.411304 0.000960857
0.425094 0.424323 0.000771171
0.434588 0.434005 0.000583259
0.44122 0.440815 0.000404821
0.445412 0.445175 0.000237465
0.447519 0.447434 8.45832e-005
0.447812 0.447864 5.23946e-005
0.446483 0.446655 0.000172245
0.443648 0.443924 0.000275627
0.43935 0.43971 0.000360467
0.433559 0.433986 0.000426725
0.42619 0.426662 0.000471926
0.417096 0.417586 0.000489706
0.406077 0.406548 0.000471201
0.392882 0.393289 0.000406533
0.377227 0.377505 0.000278331
0.358796 0.358867 7.05517e-005
0.33728 0.337055 0.000225318
0.312405 0.311814 0.00059078
0.283999 0.283044 0.000955278
0.252129 0.250938 0.00119142
0.217347 0.216173 0.00117432
0.181133 0.180126 0.00100707
0.146318 0.145062 0.00125562
0.116786 0.114162 0.00262421
0.0960245 0.0912307 0.00479376
0.0858611 0.0799769 0.00588422
0.0870693 0.0829945 0.00407485
0.100798 0.100848 4.99037e-005
0.128332 0.131764 0.00343184
0.168457 0.17213 0.00367345
0.215925 0.217534 0.00160924
0.264334 0.263819 0.000514694
0.309438 0.307767 0.00167084
0.349357 0.347317 0.0020396
0.383501 0.381462 0.00203917
0.411914 0.409992 0.00192195
0.434993 0.433218 0.00177479
0.453355 0.451736 0.0016193
0.467722 0.466264 0.00145769
0.478823 0.477528 0.00129493
0.487342 0.486205 0.00113698
0.49388 0.492887 0.000992662
0.498942 0.498078 0.000864127
0.502949 0.502192 0.000757147
0.506237 0.505566 0.000670909
0.509078 0.508472 0.000605695
0.511692 0.511134 0.000557907
0.514261 0.513736 0.000525493
0.516944 0.516437 0.000507368
0.519884 0.519384 0.000500007
0.52322 0.522716 0.000503564
0.527092 0.526578 0.000514323
0.53166 0.531129 0.00053136
0.537099 0.536544 0.00055459
0.543611 0.543033 0.000577728
0.551439 0.550838 0.000601423
0.560866 0.560251 0.000614702
0.572227 0.571618 0.000609385
0.58591 0.585347 0.000562748
0.602354 0.60191 0.000443563
0.622043 0.621843 0.000199978
0.645484 0.645718 0.000234396
0.673168 0.674093 0.000925166
0.70556 0.707411 0.00185083
0.74311 0.745812 0.00270178
0.78625 0.78884 0.00258958
0.83479 0.835041 0.000250747
0.885266 0.881513 0.00375305
0.928134 0.92364 0.00449396
0.954376 0.955394 0.00101821
0.96418 0.97055 0.00637
0.960027 0.964703 0.0046763
0.937935 0.937147 0.000787802
0.89249 0.891367 0.00112331
0.833095 0.833761 0.000666324


 RMSE:  0.00174329
 NMSE:  1.24673e-005
Test
0.657408 0.654529 0.00287862
0.607257 0.605967 0.00128992
0.56466 0.565213 0.000552913
0.529912 0.531844 0.00193242
0.502226 0.504924 0.00269797
0.48034 0.483309 0.00296854
0.46291 0.465834 0.00292393
0.448703 0.451418 0.00271466
0.436662 0.4391 0.00243848
0.425904 0.428057 0.00215332
0.415704 0.417588 0.0018843
0.405461 0.407101 0.00164043
0.394674 0.39609 0.0014162
0.382918 0.384118 0.00119954
0.369827 0.370805 0.000978225
0.355083 0.355823 0.000740485
0.338423 0.338899 0.000476293
0.319648 0.31984 0.000191987
0.298653 0.298567 8.60978e-005
0.275479 0.275172 0.000306666
0.250392 0.249999 0.000393325
0.22402 0.223733 0.000286665
0.197493 0.197481 1.15149e-005
0.172525 0.172814 0.000289149
0.151259 0.1517 0.000441021
0.135816 0.136301 0.000485339
0.127852 0.128599 0.000746575
0.128437 0.129949 0.00151198
0.13814 0.140689 0.00254893
0.156847 0.159995 0.0031476
0.183262 0.186041 0.00277895
0.21477 0.21641 0.00163979
0.248212 0.248587 0.000375094
0.280892 0.280359 0.00053255
0.311027 0.310044 0.000982777
0.337642 0.336546 0.0010964
0.360319 0.359294 0.00102461
0.378993 0.378122 0.000870758
0.393828 0.393141 0.000686885
0.405117 0.404622 0.000494891
0.413214 0.412905 0.00030855
0.418474 0.418342 0.00013204
0.42122 0.421251 3.10034e-005
0.421717 0.421893 0.000176499
0.420159 0.420462 0.000303055
0.416674 0.41708 0.000406199
0.411315 0.411798 0.000482806
0.404069 0.404598 0.000528506
0.394865 0.395402 0.000536733
0.383577 0.384076 0.000499133
0.370041 0.370449 0.000407568
0.354074 0.354324 0.000249617
0.335486 0.335511 2.48352e-005
0.314123 0.313872 0.00025076
0.289917 0.289388 0.000528775
0.262975 0.262252 0.00072318
0.233726 0.232997 0.000729005
0.203152 0.202631 0.000521089
0.173032 0.172759 0.000273387
0.145946 0.145615 0.000330697
0.124734 0.123906 0.000828167
0.111664 0.110425 0.00123896
0.108111 0.107437 0.000673937
0.114961 0.116033 0.00107187
0.1328 0.135736 0.00293596
0.161083 0.164567 0.00348367
0.197126 0.199545 0.00241911
0.236682 0.237404 0.000722312
0.275818 0.275207 0.000610829
0.312007 0.310722 0.00128452
0.34399 0.342516 0.00147422
0.371295 0.369878 0.00141722
0.393906 0.392641 0.00126469
0.412086 0.411003 0.00108265
0.426264 0.425369 0.00089484
0.436941 0.436232 0.000708648
0.444621 0.444094 0.000527403
0.449771 0.449414 0.000356818
0.452784 0.452584 0.000200257
0.453977 0.453918 5.8878e-005
0.453582 0.453647 6.52349e-005
0.45175 0.451924 0.000174283
0.448562 0.448828 0.000265993
0.444028 0.444371 0.000342795
0.438095 0.438498 0.000403393
0.43065 0.431095 0.00044501
0.421529 0.421991 0.000462104
0.41051 0.410955 0.000445455
0.39732 0.397705 0.000384561
0.381653 0.381913 0.000259803
0.363167 0.363222 5.46676e-005
0.341516 0.341271 0.000244511
0.31638 0.315757 0.000623046
0.28754 0.286521 0.00101897
0.25499 0.25369 0.00130049
0.219204 0.217878 0.00132648
0.181616 0.180426 0.00118954
0.145144 0.143624 0.00152042
0.113971 0.110782 0.0031889
0.0918923 0.0859532 0.00593911
0.0807788 0.0731951 0.00758374
0.0812553 0.0754435 0.00581177
0.0945056 0.0934668 0.00103879
0.122254 0.125468 0.00321362
0.163726 0.167604 0.00387786
0.213401 0.215135 0.00173363
0.264168 0.263594 0.000573608
0.311362 0.309545 0.00181676
0.353023 0.35082 0.00220286
0.388596 0.386387 0.00220903
0.418168 0.416065 0.00210321
0.442192 0.440222 0.00196996
0.461346 0.45952 0.00182605
0.476413 0.47474 0.00167257
0.488181 0.486667 0.00151408
0.497389 0.496029 0.00136023
0.504686 0.503467 0.00121932
0.510623 0.509525 0.00109797
0.515657 0.514659 0.000997889
0.52017 0.519249 0.000920675
0.524477 0.523611 0.000866084
0.52885 0.528018 0.000831608
0.533528 0.532714 0.000814316
0.538738 0.537925 0.000813315
0.5447 0.543878 0.000822114
0.551647 0.550808 0.000838526
0.559829 0.558972 0.00085744
0.569527 0.56866 0.00086712
0.581055 0.580197 0.000857536
0.594764 0.593959 0.000804514
0.61104 0.610362 0.000677939
0.630292 0.629864 0.000428135
0.652932 0.65293 1.65159e-006
0.679337 0.679986 0.000648896
0.709836 0.711316 0.00147974
0.744689 0.746899 0.00220955
0.784035 0.78617 0.00213546
0.827382 0.827699 0.000317179
0.871945 0.868887 0.00305772
0.910976 0.905818 0.00515795
0.937081 0.933568 0.00351272
0.947986 0.947161 0.000825458
0.944102 0.943064 0.00103764
0.923139 0.920564 0.00257545
0.883509 0.882203 0.00130626
0.83249 0.832942 0.000451863
0.779141 0.778576 0.000564794
0.726668 0.724261 0.00240694
0.676631 0.673707 0.00292407
0.631114 0.629037 0.00207727
0.591774 0.591066 0.000708008
0.559177 0.559696 0.000518679
0.532945 0.534291 0.00134579
0.51218 0.513956 0.00177572
0.495809 0.497724 0.00191502
0.482784 0.484659 0.001875
0.472168 0.473915 0.0017467
0.463169 0.464756 0.00158704
0.455121 0.456548 0.00142677
0.447471 0.448754 0.00128344
0.439749 0.440911 0.00116213
0.43155 0.432609 0.00105915
0.422507 0.423476 0.000968651
0.41228 0.413157 0.000877149
0.400535 0.401308 0.000773017
0.38694 0.387579 0.000639232
0.371165 0.371625 0.000460221
0.35289 0.353109 0.000218736
0.331821 0.331732 8.92763e-005
0.307726 0.307286 0.000439602
0.2805 0.279734 0.000765581
0.250285 0.249335 0.00094951
0.217693 0.216801 0.000892022
0.184149 0.183475 0.000674325
0.152171 0.151458 0.000713028
0.125084 0.1236 0.00148438
0.105944 0.103202 0.00274235
0.0966058 0.0934071 0.00319875
0.0980455 0.0963633 0.00168221
0.111228 0.112502 0.00127385
0.136803 0.140302 0.00349932
0.17329 0.176687 0.00339687
0.216258 0.217855 0.00159743
0.260408 0.260147 0.000260825
0.301987 0.300641 0.00134567
0.339114 0.337385 0.00172936
0.371084 0.369339 0.00174451
0.397805 0.396185 0.00162014
0.419553 0.418097 0.00145583
0.436813 0.435532 0.00128126
0.450186 0.449081 0.0011046
0.460294 0.459364 0.000930263
0.467725 0.466962 0.000762661
0.472995 0.472388 0.000607498
0.476538 0.476071 0.000467156
0.478697 0.478353 0.000344008
0.479735 0.479497 0.000237943
0.479842 0.479695 0.000146927


 RMSE:  0.00167928
 NMSE:  1.4851e-005

 ------------------------------ 5  1229732820  0.00174329  0.00167928
Train
0.503512 0.503749 0.000236798
0.50627 0.506784 0.000513661
0.508759 0.509475 0.000715932
0.511167 0.512018 0.000850899
0.513647 0.514581 0.000934463
0.516339 0.517313 0.00097423
0.519377 0.52035 0.000973019
0.522896 0.523832 0.000935602
0.527049 0.527904 0.000854659
0.531997 0.53273 0.000732572
0.537942 0.538496 0.000553741
0.545118 0.545421 0.000302558
0.553811 0.553767 4.36692e-005
0.564366 0.563843 0.000522511
0.577196 0.576019 0.00117691
0.5928 0.59073 0.00207012
0.611744 0.608474 0.00327017
0.634635 0.629807 0.00482841
0.662051 0.655311 0.00674044
0.694366 0.685524 0.00884177
0.731446 0.720809 0.0106365
0.772245 0.761137 0.0111076
0.814442 0.805741 0.00870076
0.854515 0.852679 0.00183553
0.888638 0.898412 0.00977401
0.914058 0.937689 0.0236306
0.929824 0.964158 0.0343339
0.936131 0.971957 0.035826
0.932824 0.957845 0.0250212
0.918087 0.922716 0.00462895
0.888249 0.87141 0.0168388
0.840034 0.810912 0.0291216
0.775405 0.748127 0.0272776
0.703819 0.688365 0.0154537
0.636895 0.634863 0.0020319
0.58154 0.589029 0.00748932
0.538867 0.550975 0.0121082
0.506908 0.520029 0.0131212
0.482995 0.49514 0.0121451
0.464792 0.475129 0.0103369
0.450492 0.458848 0.0083557
0.438747 0.445252 0.00650497
0.428534 0.433428 0.00489399
0.419066 0.422595 0.00352934
0.409716 0.412096 0.00237991
0.399976 0.40137 0.0013937
0.389407 0.38994 0.000533123
0.37763 0.377392 0.000237903
0.364301 0.36337 0.000930543
0.349103 0.347568 0.0015351
0.331748 0.329753 0.0019946
0.312013 0.309779 0.00223352
0.289781 0.287645 0.00213642
0.265178 0.263552 0.00162585
0.238721 0.237991 0.00072997
0.211526 0.211828 0.000302422
0.185342 0.186373 0.00103086
0.162312 0.163372 0.00105961
0.144433 0.144883 0.000450373
0.133099 0.132997 0.000101908
0.129091 0.129425 0.000333884
0.132916 0.135068 0.0021518
0.145078 0.14973 0.00465173
0.165845 0.17211 0.00626477
0.194466 0.200093 0.0056275
0.228508 0.231205 0.00269715
0.264292 0.263067 0.0012251
0.298326 0.293718 0.00460822
0.328414 0.32176 0.00665364
0.353718 0.346352 0.00736601
0.374253 0.36712 0.00713254
0.390404 0.38403 0.00637448
0.40267 0.397269 0.00540061
0.411541 0.407138 0.00440251
0.417461 0.41398 0.00348139
0.420813 0.418126 0.00268679
0.4219 0.419864 0.00203576
0.420954 0.41942 0.00153446
0.418133 0.416949 0.00118381
0.413514 0.412538 0.000975868
0.407111 0.406201 0.000909708
0.398866 0.397891 0.000974732
0.388669 0.387503 0.0011661
0.376351 0.374887 0.00146418
0.361694 0.359861 0.00183319
0.344446 0.342239 0.00220681
0.324346 0.321867 0.00247859
0.301176 0.298679 0.00249707
0.274891 0.272785 0.0021057
0.245831 0.244575 0.00125623
0.215024 0.214855 0.000168968
0.18442 0.184976 0.000556211
0.156704 0.156899 0.000195403
0.134538 0.133129 0.00140896
0.119728 0.11642 0.00330778
0.113062 0.109257 0.00380499
0.114936 0.113211 0.00172481
0.126018 0.128433 0.0024149
0.147238 0.153534 0.00629632
0.178675 0.185917 0.00724204
0.217984 0.222421 0.00443748
0.26036 0.259985 0.000375433
0.300811 0.296114 0.00469652
0.336279 0.329081 0.00719791
0.365822 0.357907 0.00791499
0.389682 0.38222 0.0074624
0.408513 0.402078 0.00643492
0.423028 0.417801 0.00522737
0.433886 0.429842 0.00404414
0.441669 0.43869 0.00297943
0.446878 0.444813 0.0020651
0.449927 0.448621 0.0013063
0.451144 0.450447 0.000697485
0.450769 0.450547 0.0002218
0.448966 0.449094 0.000127795
0.445822 0.446186 0.000363591
0.44136 0.441852 0.000492464
0.435534 0.436052 0.000517607
0.428244 0.428684 0.000439506
0.419333 0.419587 0.000253773
0.408589 0.408541 4.84991e-005
0.395743 0.395277 0.000465574
0.38047 0.379479 0.000991041
0.362385 0.360805 0.00157977
0.341056 0.338919 0.00213732
0.316042 0.313541 0.00250111
0.286984 0.284545 0.00243883
0.253882 0.252097 0.00178534
0.217578 0.216847 0.000731391
0.180341 0.180157 0.000183516
0.145907 0.14431 0.00159736
0.118246 0.112545 0.00570072
0.0997424 0.0887831 0.0109593
0.0908214 0.0768867 0.0139347
0.0912569 0.0795985 0.0116584
0.101726 0.0975673 0.00415881
0.124323 0.129002 0.00467867
0.161015 0.170184 0.00916872
0.209913 0.216553 0.00664019
0.263705 0.263817 0.000111742
0.314233 0.308661 0.005572
0.357276 0.348979 0.00829682
0.39233 0.383754 0.00857618
0.420382 0.412793 0.0075889
0.442621 0.436429 0.00619204
0.46009 0.455291 0.00479872
0.473695 0.470125 0.00356965
0.48422 0.481684 0.0025362
0.492358 0.490667 0.00169073
0.498703 0.497688 0.00101482
0.503753 0.503271 0.000482336
0.507925 0.507847 7.79763e-005
0.511549 0.511772 0.000223011
0.514909 0.515341 0.000432009
0.518235 0.518797 0.000561987
0.521725 0.522354 0.000629135
0.52557 0.526203 0.000633118
0.529947 0.530526 0.000579439
0.535042 0.53551 0.000468344
0.541065 0.541354 0.000289207
0.548252 0.548279 2.68133e-005
0.556878 0.556541 0.000336948
0.567273 0.566434 0.000838779
0.579822 0.578304 0.00151836
0.594983 0.592551 0.00243173
0.613269 0.609629 0.00364018
0.63523 0.630039 0.00519097
0.661382 0.6543 0.00708218
0.692059 0.682886 0.00917339
0.727165 0.716112 0.0110535
0.765831 0.753951 0.0118799
0.806095 0.795736 0.0103595
0.844907 0.839801 0.00510585
0.878786 0.883113 0.00432728
0.904944 0.921147 0.0162031
0.922078 0.948321 0.0262429
0.930059 0.959235 0.0291763
0.928763 0.950456 0.0216931
0.916898 0.92198 0.00508168
0.891646 0.877412 0.0142343
0.850122 0.822689 0.0274335
0.793011 0.764177 0.0288338
0.72719 0.707149 0.0200407
0.662794 0.655115 0.00767859
0.607325 0.609864 0.00253869
0.563291 0.571868 0.00857707
0.529766 0.540744 0.0109783
0.504575 0.515645 0.0110702
0.485533 0.495531 0.00999812
0.470845 0.47934 0.00849503
0.459126 0.466077 0.00695121
0.449314 0.454859 0.00554467
0.440596 0.444924 0.0043276
0.432329 0.435621 0.00329208
0.423986 0.426392 0.00240617
0.415128 0.416758 0.00163039
0.40537 0.406292 0.000922136
0.394355 0.394604 0.000248794
0.381743 0.381337 0.000406189
0.367201 0.366154 0.00104693
0.350388 0.348751 0.00163688
0.33098 0.32888 0.00210037
0.308701 0.306384 0.00231732
0.283407 0.281272 0.00213464
0.255277 0.253809 0.00146794
0.225075 0.224635 0.000439993
0.194425 0.194898 0.000473239
0.165787 0.166336 0.000548556
0.141875 0.141256 0.000619261
0.124788 0.122323 0.00246474
0.115599 0.11211 0.00348934
0.114761 0.112489 0.0022716
0.122808 0.124071 0.00126281
0.140612 0.145955 0.0053431
0.168633 0.175913 0.00728044
0.205394 0.210952 0.00555819
0.246805 0.247977 0.00117186
0.287772 0.284325 0.00344745
0.32459 0.318041 0.00654855
0.355717 0.347926 0.00779148
0.381097 0.373428 0.00766874
0.401277 0.394474 0.00680287
0.416947 0.411304 0.0056427
0.428775 0.424323 0.00445195
0.437356 0.434005 0.00335076
0.443208 0.440815 0.0023931
0.446763 0.445175 0.00158846
0.448372 0.447434 0.000937586
0.44829 0.447864 0.000426158
0.446702 0.446655 4.67608e-005
0.443708 0.443924 0.000216456
0.439347 0.43971 0.000363072
0.433582 0.433986 0.000403979
0.426326 0.426662 0.000335954
0.41743 0.417586 0.000155571
0.406691 0.406548 0.000142599
0.393844 0.393289 0.000554926
0.378575 0.377505 0.00107044
0.360511 0.358867 0.00164351
0.339233 0.337055 0.00217753
0.314319 0.311814 0.00250538
0.285449 0.283044 0.00240485
0.252661 0.250938 0.00172283
0.216834 0.216173 0.000660787
0.180233 0.180126 0.000106501
0.146498 0.145062 0.00143625
0.119441 0.114162 0.00527926
0.101367 0.0912307 0.0101359
0.0927327 0.0799769 0.0127558
0.0933992 0.0829945 0.0104047
0.104073 0.100848 0.00322474
0.126741 0.131764 0.00502333
0.16312 0.17213 0.00900961
0.211173 0.217534 0.00636125
0.263822 0.263819 2.53802e-006
0.313293 0.307767 0.00552622
0.35553 0.347317 0.0082133
0.389985 0.381462 0.00852281
0.417568 0.409992 0.00757583
0.439416 0.433218 0.00619839
0.456545 0.451736 0.00480911
0.469832 0.466264 0.00356841
0.480047 0.477528 0.00251928
0.487858 0.486205 0.00165287
0.493842 0.492887 0.000955401
0.498478 0.498078 0.000399532
0.502161 0.502192 3.14228e-005
0.505208 0.505566 0.000358275
0.507874 0.508472 0.000598245
0.510366 0.511134 0.000767656
0.512859 0.513736 0.000877045
0.515499 0.516437 0.000937682
0.518428 0.519384 0.000955819
0.521784 0.522716 0.000932377
0.525708 0.526578 0.000870236
0.530363 0.531129 0.000765915
0.535938 0.536544 0.000605603
0.542648 0.543033 0.00038454
0.550766 0.550838 7.16622e-005
0.560607 0.560251 0.000356193
0.572563 0.571618 0.000944824
0.587097 0.585347 0.00174982
0.604744 0.60191 0.0028343
0.626103 0.621843 0.0042605
0.651773 0.645718 0.00605549
0.682218 0.674093 0.00812519
0.717527 0.707411 0.0101156
0.757041 0.745812 0.0112295
0.798937 0.78884 0.0100974
0.840098 0.835041 0.0050573
0.876689 0.881513 0.0048237
0.905436 0.92364 0.0182038
0.924728 0.955394 0.0306658
0.934476 0.97055 0.0360741
0.93482 0.964703 0.0298831
0.924667 0.937147 0.0124803
0.900972 0.891367 0.00960491
0.859907 0.833761 0.0261459


 RMSE:  0.00840762
 NMSE:  0.000289987
Test
0.66149 0.654529 0.00696066
0.601671 0.605967 0.00429583
0.554534 0.565213 0.0106789
0.518955 0.531844 0.0128894
0.492376 0.504924 0.0125477
0.472311 0.483309 0.0109982
0.456766 0.465834 0.00906796
0.44424 0.451418 0.00717791
0.433609 0.4391 0.00549149
0.424003 0.428057 0.00405418
0.414749 0.417588 0.00283889
0.405293 0.407101 0.00180784
0.395178 0.39609 0.00091185
0.384005 0.384118 0.000113088
0.371416 0.370805 0.00061103
0.357081 0.355823 0.00125777
0.340696 0.338899 0.00179745
0.321998 0.31984 0.00215759
0.300803 0.298567 0.00223606
0.2771 0.275172 0.00192776
0.251194 0.249999 0.00119482
0.223909 0.223733 0.000176403
0.196731 0.197481 0.000749558
0.171709 0.172814 0.00110546
0.151017 0.1517 0.000683116
0.136383 0.136301 8.22466e-005
0.128846 0.128599 0.000246604
0.128979 0.129949 0.000970167
0.137288 0.140689 0.00340084
0.154246 0.159995 0.00574871
0.179719 0.186041 0.00632199
0.212067 0.21641 0.00434342
0.247973 0.248587 0.000613678
0.283587 0.280359 0.00322813
0.315996 0.310044 0.00595196
0.34378 0.336546 0.00723358
0.366649 0.359294 0.007355
0.384889 0.378122 0.00676657
0.398982 0.393141 0.00584107
0.409444 0.404622 0.00482159
0.41675 0.412905 0.00384533
0.421321 0.418342 0.00297904
0.423505 0.421251 0.00225353
0.42357 0.421893 0.00167739
0.421712 0.420462 0.00125019
0.418048 0.41708 0.000968314
0.412627 0.411798 0.000828521
0.405424 0.404598 0.000825704
0.396354 0.395402 0.000952417
0.385277 0.384076 0.00120059
0.371991 0.370449 0.00154181
0.356262 0.354324 0.00193792
0.337816 0.335511 0.00230486
0.316387 0.313872 0.00251548
0.291794 0.289388 0.00240642
0.264094 0.262252 0.00184223
0.233849 0.232997 0.000852118
0.202452 0.202631 0.000178975
0.172243 0.172759 0.000515891
0.146082 0.145615 0.00046746
0.126422 0.123906 0.00251576
0.114631 0.110425 0.00420632
0.111225 0.107437 0.00378828
0.116637 0.116033 0.000604021
0.131733 0.135736 0.00400272
0.157375 0.164567 0.00719201
0.192884 0.199545 0.00666056
0.23472 0.237404 0.00268423
0.277502 0.275207 0.00229483
0.316731 0.310722 0.00600913
0.350254 0.342516 0.00773756
0.37775 0.369878 0.00787152
0.399735 0.392641 0.00709431
0.416937 0.411003 0.00593378
0.430071 0.425369 0.00470234
0.439782 0.436232 0.00355029
0.446631 0.444094 0.00253705
0.451095 0.449414 0.00168125
0.453563 0.452584 0.000979223
0.454338 0.453918 0.000419503
0.453637 0.453647 9.86559e-006
0.451601 0.451924 0.000323266
0.448297 0.448828 0.000530537
0.443733 0.444371 0.000637858
0.43785 0.438498 0.000647869
0.430535 0.431095 0.00056017
0.421623 0.421991 0.000367532
0.410895 0.410955 5.96787e-005
0.398068 0.397705 0.000362997
0.382808 0.381913 0.000895461
0.364722 0.363222 0.00150013
0.34336 0.341271 0.00208918
0.31825 0.315757 0.00249255
0.289002 0.286521 0.00248074
0.255558 0.25369 0.00186829
0.218701 0.217878 0.000823178
0.180698 0.180426 0.000272127
0.145401 0.143624 0.00177695
0.116967 0.110782 0.00618453
0.0979047 0.0859532 0.0119515
0.0885977 0.0731951 0.0154026
0.0887131 0.0754435 0.0132696
0.0988753 0.0934668 0.0054085
0.121297 0.125468 0.00417119
0.158265 0.167604 0.00933908
0.208126 0.215135 0.00700908
0.263308 0.263594 0.000285885
0.315149 0.309545 0.00560448
0.35921 0.35082 0.00838971
0.395026 0.386387 0.00863906
0.423678 0.416065 0.00761254
0.446414 0.440222 0.00619249
0.464322 0.45952 0.00480207
0.478328 0.47474 0.0035882
0.489246 0.486667 0.00257941
0.497791 0.496029 0.0017616
0.504582 0.503467 0.00111517
0.510143 0.509525 0.000618141
0.514908 0.514659 0.000248524
0.519238 0.519249 1.09448e-005
0.52344 0.523611 0.000171254
0.527771 0.528018 0.000247346
0.532471 0.532714 0.000243209
0.537766 0.537925 0.000159354
0.543883 0.543878 5.24162e-006
0.551071 0.550808 0.000263334
0.559606 0.558972 0.000633841
0.569804 0.56866 0.00114364
0.582032 0.580197 0.0018346
0.59671 0.593959 0.00275112
0.614317 0.610362 0.0039548
0.635346 0.629864 0.00548178
0.66027 0.65293 0.00733988
0.689393 0.679986 0.00940742
0.722663 0.711316 0.0113465
0.759361 0.746899 0.012462
0.797832 0.78617 0.0116619
0.835439 0.827699 0.00773984
0.869016 0.868887 0.000128818
0.895808 0.905818 0.0100102
0.914239 0.933568 0.0193294
0.923876 0.947161 0.0232846
0.924561 0.943064 0.0185026
0.915367 0.920564 0.00519712
0.894132 0.882203 0.0119293
0.858367 0.832942 0.0254252
0.807953 0.778576 0.0293772
0.747747 0.724261 0.0234856
0.686315 0.673707 0.0126076
0.631264 0.629037 0.00222692
0.586196 0.591066 0.00486956
0.551208 0.559696 0.00848752
0.524693 0.534291 0.00959784
0.504693 0.513956 0.00926256
0.489466 0.497724 0.00825751
0.477617 0.484659 0.00704192
0.46806 0.473915 0.00585533
0.459958 0.464756 0.00479849
0.452658 0.456548 0.00388958
0.445631 0.448754 0.00312268
0.438446 0.440911 0.0024646
0.430728 0.432609 0.00188143
0.422138 0.423476 0.00133827
0.412358 0.413157 0.000799302
0.401067 0.401308 0.000240641
0.387937 0.387579 0.000357825
0.372608 0.371625 0.000983179
0.354712 0.353109 0.00160315
0.333856 0.331732 0.00212376
0.309678 0.307286 0.00239166
0.281955 0.279734 0.00222075
0.250837 0.249335 0.00150152
0.217242 0.216801 0.000440885
0.183251 0.183475 0.000224419
0.152023 0.151458 0.00056529
0.126833 0.1236 0.00323314
0.109808 0.103202 0.00660604
0.101634 0.0934071 0.00822679
0.102461 0.0963633 0.0060974
0.112977 0.112502 0.000474613
0.134654 0.140302 0.00564803
0.168431 0.176687 0.00825624
0.212193 0.217855 0.00566177
0.260075 0.260147 7.24991e-005
0.30562 0.300641 0.00497937
0.345095 0.337385 0.00770991
0.377633 0.369339 0.00829366
0.403783 0.396185 0.00759775
0.42446 0.418097 0.00636331
0.440553 0.435532 0.00502143
0.452845 0.449081 0.00376404
0.462029 0.459364 0.00266476
0.4687 0.466962 0.00173755
0.473359 0.472388 0.000970508
0.47642 0.476071 0.000349368
0.478206 0.478353 0.000146975
0.47896 0.479497 0.000537307
0.478855 0.479695 0.000839833


 RMSE:  0.00650564
 NMSE:  0.000222889

 ------------------------------ 5  196673940  0.00840762  0.00650564
