0.817661 0.814391 0.812756 0.810303 0.81112 0.81112
0.814391 0.812756 0.810303 0.81112 0.81112 0.81112
0.812756 0.810303 0.81112 0.81112 0.81112 0.811938
0.810303 0.81112 0.81112 0.81112 0.811938 0.817661
0.81112 0.81112 0.81112 0.811938 0.817661 0.817661
0.81112 0.81112 0.811938 0.817661 0.817661 0.817661
0.81112 0.811938 0.817661 0.817661 0.817661 0.817661
0.811938 0.817661 0.817661 0.817661 0.817661 0.816026
0.817661 0.817661 0.817661 0.817661 0.816026 0.816026
0.817661 0.817661 0.817661 0.816026 0.816026 0.815209
0.817661 0.817661 0.816026 0.816026 0.815209 0.811938
0.817661 0.816026 0.816026 0.815209 0.811938 0.816026
0.816026 0.816026 0.815209 0.811938 0.816026 0.812756
0.816026 0.815209 0.811938 0.816026 0.812756 0.811938
0.815209 0.811938 0.816026 0.812756 0.811938 0.816026
0.811938 0.816026 0.812756 0.811938 0.816026 0.80785
0.816026 0.812756 0.811938 0.816026 0.80785 0.802126
0.812756 0.811938 0.816026 0.80785 0.802126 0.799673
0.811938 0.816026 0.80785 0.802126 0.799673 0.800491
0.816026 0.80785 0.802126 0.799673 0.800491 0.800491
0.80785 0.802126 0.799673 0.800491 0.800491 0.805397
0.802126 0.799673 0.800491 0.800491 0.805397 0.806214
0.799673 0.800491 0.800491 0.805397 0.806214 0.805397
0.800491 0.800491 0.805397 0.806214 0.805397 0.808667
0.800491 0.805397 0.806214 0.805397 0.808667 0.816026
0.805397 0.806214 0.805397 0.808667 0.816026 0.812756
0.806214 0.805397 0.808667 0.816026 0.812756 0.870809
0.805397 0.808667 0.816026 0.812756 0.870809 0.865904
0.808667 0.816026 0.812756 0.870809 0.865904 0.905151
0.816026 0.812756 0.870809 0.865904 0.905151 0.903516
0.812756 0.870809 0.865904 0.905151 0.903516 0.903516
0.870809 0.865904 0.905151 0.903516 0.903516 0.892069
0.865904 0.905151 0.903516 0.903516 0.892069 0.882257
0.905151 0.903516 0.903516 0.892069 0.882257 0.882257
0.903516 0.903516 0.892069 0.882257 0.882257 0.890433
0.903516 0.892069 0.882257 0.882257 0.890433 0.931316
0.892069 0.882257 0.882257 0.890433 0.931316 0.930499
0.882257 0.882257 0.890433 0.931316 0.930499 0.959117
0.882257 0.890433 0.931316 0.930499 0.959117 0.965658
0.890433 0.931316 0.930499 0.959117 0.965658 0.991823
0.931316 0.930499 0.959117 0.965658 0.991823 0.973017
0.930499 0.959117 0.965658 0.991823 0.973017 0.944399
0.959117 0.965658 0.991823 0.973017 0.944399 0.948487
0.965658 0.991823 0.973017 0.944399 0.948487 0.956664
0.991823 0.973017 0.944399 0.948487 0.956664 0.959117
0.973017 0.944399 0.948487 0.956664 0.959117 0.971382
0.944399 0.948487 0.956664 0.959117 0.971382 0.985282
0.948487 0.956664 0.959117 0.971382 0.985282 0.860998
0.956664 0.959117 0.971382 0.985282 0.860998 0.860998
0.959117 0.971382 0.985282 0.860998 0.860998 0.860998
0.971382 0.985282 0.860998 0.860998 0.860998 0.860998
0.985282 0.860998 0.860998 0.860998 0.860998 0.860998
0.860998 0.860998 0.860998 0.860998 0.860998 0.860998
0.860998 0.860998 0.860998 0.860998 0.860998 0.860998
0.860998 0.860998 0.860998 0.860998 0.860998 0.860998
0.860998 0.860998 0.860998 0.860998 0.860998 0.860998
0.860998 0.860998 0.860998 0.860998 0.860998 0.860998
0.860998 0.860998 0.860998 0.860998 0.860998 0.860998
0.860998 0.860998 0.860998 0.860998 0.860998 0.860998
0.860998 0.860998 0.860998 0.860998 0.860998 0.860998
0.860998 0.860998 0.860998 0.860998 0.860998 0.860998
0.860998 0.860998 0.860998 0.860998 0.860998 0.860998
0.860998 0.860998 0.860998 0.860998 0.860998 0.860998
0.860998 0.860998 0.860998 0.860998 0.860998 0.860998
0.860998 0.860998 0.860998 0.860998 0.860998 0.860998
0.860998 0.860998 0.860998 0.860998 0.860998 0.860998
0.860998 0.860998 0.860998 0.860998 0.860998 0.860998
0.860998 0.860998 0.860998 0.860998 0.860998 0.860998
0.860998 0.860998 0.860998 0.860998 0.860998 0.860998
0.860998 0.860998 0.860998 0.860998 0.860998 0.860998
0.860998 0.860998 0.860998 0.860998 0.860998 0.860998
0.860998 0.860998 0.860998 0.860998 0.860998 0.860998
0.860998 0.860998 0.860998 0.860998 0.860998 0.860998
0.860998 0.860998 0.860998 0.860998 0.860998 0.710548
0.860998 0.860998 0.860998 0.860998 0.710548 0.753884
0.860998 0.860998 0.860998 0.710548 0.753884 0.753884
0.860998 0.860998 0.710548 0.753884 0.753884 0.756337
0.860998 0.710548 0.753884 0.753884 0.756337 0.756337
0.710548 0.753884 0.753884 0.756337 0.756337 0.756337
0.753884 0.753884 0.756337 0.756337 0.756337 0.756337
0.753884 0.756337 0.756337 0.756337 0.756337 0.756337
0.756337 0.756337 0.756337 0.756337 0.756337 0.756337
0.756337 0.756337 0.756337 0.756337 0.756337 0.74816
0.756337 0.756337 0.756337 0.756337 0.74816 0.74816
0.756337 0.756337 0.756337 0.74816 0.74816 0.743254
0.756337 0.756337 0.74816 0.74816 0.743254 0.735895
0.756337 0.74816 0.74816 0.743254 0.735895 0.730989
0.74816 0.74816 0.743254 0.735895 0.730989 0.729354
0.74816 0.743254 0.735895 0.730989 0.729354 0.72363
0.743254 0.735895 0.730989 0.729354 0.72363 0.715454
0.735895 0.730989 0.729354 0.72363 0.715454 0.715454
0.730989 0.729354 0.72363 0.715454 0.715454 0.713818
0.729354 0.72363 0.715454 0.715454 0.713818 0.704824
0.72363 0.715454 0.715454 0.713818 0.704824 0.692559
0.715454 0.715454 0.713818 0.704824 0.692559 0.684383
0.715454 0.713818 0.704824 0.692559 0.684383 0.683565
0.713818 0.704824 0.692559 0.684383 0.683565 0.672118
0.704824 0.692559 0.684383 0.683565 0.672118 0.680294
0.692559 0.684383 0.683565 0.672118 0.680294 0.676206
0.684383 0.683565 0.672118 0.680294 0.676206 0.677024
0.683565 0.672118 0.680294 0.676206 0.677024 0.673753
0.672118 0.680294 0.676206 0.677024 0.673753 0.672935
0.680294 0.676206 0.677024 0.673753 0.672935 0.677024
0.676206 0.677024 0.673753 0.672935 0.677024 0.679477
0.677024 0.673753 0.672935 0.677024 0.679477 0.679477
0.673753 0.672935 0.677024 0.679477 0.679477 0.681112
0.672935 0.677024 0.679477 0.679477 0.681112 0.682747
0.677024 0.679477 0.679477 0.681112 0.682747 0.682747
0.679477 0.679477 0.681112 0.682747 0.682747 0.684383
0.679477 0.681112 0.682747 0.682747 0.684383 0.683565
0.681112 0.682747 0.682747 0.684383 0.683565 0.681112
0.682747 0.682747 0.684383 0.683565 0.681112 0.680294
0.682747 0.684383 0.683565 0.681112 0.680294 0.682747
0.684383 0.683565 0.681112 0.680294 0.682747 0.690106
0.683565 0.681112 0.680294 0.682747 0.690106 0.690924
0.681112 0.680294 0.682747 0.690106 0.690924 0.692559
0.680294 0.682747 0.690106 0.690924 0.692559 0.695012
0.682747 0.690106 0.690924 0.692559 0.695012 0.699101
0.690106 0.690924 0.692559 0.695012 0.699101 0.701554
0.690924 0.692559 0.695012 0.699101 0.701554 0.701554
0.692559 0.695012 0.699101 0.701554 0.701554 0.704824
0.695012 0.699101 0.701554 0.701554 0.704824 0.70973
0.699101 0.701554 0.701554 0.704824 0.70973 0.712183
0.701554 0.701554 0.704824 0.70973 0.712183 0.715454
0.701554 0.704824 0.70973 0.712183 0.715454 0.721177
0.704824 0.70973 0.712183 0.715454 0.721177 0.726083
0.70973 0.712183 0.715454 0.721177 0.726083 0.731807
0.712183 0.715454 0.721177 0.726083 0.731807 0.742437
0.715454 0.721177 0.726083 0.731807 0.742437 0.759608
0.721177 0.726083 0.731807 0.742437 0.759608 0.770237
0.726083 0.731807 0.742437 0.759608 0.770237 0.771872
0.731807 0.742437 0.759608 0.770237 0.771872 0.766966
0.742437 0.759608 0.770237 0.771872 0.766966 0.760425
0.759608 0.770237 0.771872 0.766966 0.760425 0.745707
0.770237 0.771872 0.766966 0.760425 0.745707 0.739984
0.771872 0.766966 0.760425 0.745707 0.739984 0.736713
0.766966 0.760425 0.745707 0.739984 0.736713 0.729354
0.760425 0.745707 0.739984 0.736713 0.729354 0.726083
0.745707 0.739984 0.736713 0.729354 0.726083 0.721177
0.739984 0.736713 0.729354 0.726083 0.721177 0.719542
0.736713 0.729354 0.726083 0.721177 0.719542 0.721177
0.729354 0.726083 0.721177 0.719542 0.721177 0.704007
0.726083 0.721177 0.719542 0.721177 0.704007 0.687653
0.721177 0.719542 0.721177 0.704007 0.687653 0.6852
0.719542 0.721177 0.704007 0.687653 0.6852 0.686018
0.721177 0.704007 0.687653 0.6852 0.686018 0.682747
0.704007 0.687653 0.6852 0.686018 0.682747 0.68193
0.687653 0.6852 0.686018 0.682747 0.68193 0.683565
0.6852 0.686018 0.682747 0.68193 0.683565 0.673753
0.686018 0.682747 0.68193 0.683565 0.673753 0.62224
0.682747 0.68193 0.683565 0.673753 0.62224 0.623058
0.68193 0.683565 0.673753 0.62224 0.623058 0.634505
0.683565 0.673753 0.62224 0.623058 0.634505 0.635323
0.673753 0.62224 0.623058 0.634505 0.635323 0.644317
0.62224 0.623058 0.634505 0.635323 0.644317 0.650859
0.623058 0.634505 0.635323 0.644317 0.650859 0.6574
0.634505 0.635323 0.644317 0.650859 0.6574 0.668029
0.635323 0.644317 0.650859 0.6574 0.668029 0.670482
0.644317 0.650859 0.6574 0.668029 0.670482 0.663123
0.650859 0.6574 0.668029 0.670482 0.663123 0.682747
0.6574 0.668029 0.670482 0.663123 0.682747 0.688471
0.668029 0.670482 0.663123 0.682747 0.688471 0.677841
0.670482 0.663123 0.682747 0.688471 0.677841 0.675388
0.663123 0.682747 0.688471 0.677841 0.675388 0.667212
0.682747 0.688471 0.677841 0.675388 0.667212 0.647588
0.688471 0.677841 0.675388 0.667212 0.647588 0.6435
0.677841 0.675388 0.667212 0.647588 0.6435 0.654947
0.675388 0.667212 0.647588 0.6435 0.654947 0.656582
0.667212 0.647588 0.6435 0.654947 0.656582 0.670482
0.647588 0.6435 0.654947 0.656582 0.670482 0.682747
0.6435 0.654947 0.656582 0.670482 0.682747 0.664759
0.654947 0.656582 0.670482 0.682747 0.664759 0.66067
0.656582 0.670482 0.682747 0.664759 0.66067 0.591169
0.670482 0.682747 0.664759 0.66067 0.591169 0.565822
0.682747 0.664759 0.66067 0.591169 0.565822 0.524939
0.664759 0.66067 0.591169 0.565822 0.524939 0.529845
0.66067 0.591169 0.565822 0.524939 0.529845 0.53148
