Train
0.43416 0.440931 0.00677075
0.402459 0.41114 0.00868103
0.374525 0.384057 0.00953168
0.351279 0.360851 0.00957212
0.333458 0.342577 0.00911948
0.321599 0.330122 0.00852337
0.316082 0.324166 0.00808404
0.317195 0.325148 0.00795341
0.325166 0.333238 0.00807202
0.340169 0.348324 0.00815533
0.362243 0.370008 0.00776505
0.391186 0.397611 0.00642479
0.426394 0.430194 0.00380042
0.466724 0.466591 0.000133409
0.510445 0.50544 0.00500522
0.555334 0.545241 0.0100929
0.59894 0.584409 0.0145312
0.638928 0.621334 0.0175938
0.673391 0.654447 0.0189438
0.701002 0.682282 0.0187205
0.720984 0.703542 0.0174422
0.732943 0.717161 0.0157823
0.736676 0.722351 0.0143247
0.73201 0.718658 0.0133516
0.718754 0.705992 0.0127622
0.696754 0.684637 0.0121166
0.666046 0.655238 0.0108083
0.62709 0.618761 0.00832944
0.581015 0.576459 0.00455583
0.529753 0.529843 9.04939e-005
0.475954 0.480644 0.00469005
0.422647 0.430759 0.00811212
0.372716 0.382177 0.00946086
0.328495 0.336897 0.00840199
0.291553 0.29685 0.00529722
0.26272 0.263812 0.00109182
0.242314 0.239332 0.00298201
0.230384 0.22466 0.00572372
0.226981 0.220688 0.00629309
0.232335 0.2279 0.0044347
0.246938 0.246345 0.000592941
0.271517 0.275617 0.00410028
0.306839 0.314859 0.00801992
0.353306 0.362786 0.00948023
0.410382 0.417719 0.0073369
0.475985 0.477646 0.00166094
0.546234 0.540289 0.00594486
0.615977 0.603187 0.0127905
0.680007 0.663789 0.0162178
0.734395 0.719549 0.0148462
0.777135 0.768015 0.00912043
0.807922 0.806912 0.00101047
0.827347 0.83418 0.00683302
0.836021 0.847965 0.0119438
0.833852 0.846579 0.0127268
0.819575 0.828645 0.00906984
0.791087 0.793975 0.00288793
0.747583 0.745062 0.00252067
0.691887 0.686838 0.00504892
0.627988 0.623418 0.00457008
0.557528 0.556301 0.00122697
0.482601 0.486249 0.00364782
0.408077 0.414983 0.00690554
0.339266 0.345059 0.00579297
0.279922 0.279297 0.000625057
0.231903 0.220475 0.0114278
0.195516 0.171183 0.024333
0.170117 0.133703 0.0364136
0.154764 0.109909 0.044855
0.148732 0.101181 0.0475511
0.151859 0.10833 0.0435294
0.164745 0.131548 0.0331973
0.188829 0.170384 0.0184447
0.226287 0.223741 0.00254647
0.279598 0.289899 0.010301
0.350417 0.366569 0.0161521
0.437689 0.450963 0.0132736
0.535788 0.539895 0.00410714
0.634699 0.629891 0.00480805
0.723485 0.717314 0.00617113
0.794769 0.798481 0.00371234
0.846616 0.86972 0.0231038
0.880969 0.92715 0.0461808
0.900558 0.965045 0.064487
0.904237 0.967438 0.0632007
0.867556 0.884163 0.0166069
0.718718 0.696514 0.0222042
0.576281 0.567906 0.00837511
0.522545 0.520798 0.00174733
0.49754 0.495911 0.00162919
0.472287 0.47463 0.00234282
0.44951 0.454316 0.00480591
0.428903 0.43531 0.00640691
0.410889 0.418357 0.00746815
0.396106 0.404201 0.00809457
0.385127 0.393496 0.00836926
0.378401 0.386779 0.00837846
0.376252 0.384444 0.00819162
0.378897 0.386718 0.0078213
0.386428 0.393647 0.00721945
0.398821 0.405091 0.00627038
0.41587 0.420726 0.00485626
0.43717 0.440043 0.00287344
0.462084 0.462373 0.00028859
0.489693 0.486903 0.00278951
0.518852 0.512704 0.00614841
0.548247 0.53877 0.00947743
0.576497 0.564052 0.0124449
0.602287 0.587502 0.014785
0.624459 0.608113 0.016346
0.642096 0.624963 0.0171327
0.654504 0.637255 0.0172489
0.661215 0.644357 0.0168578
0.66192 0.645825 0.0160945
0.656461 0.641438 0.0150232
0.644808 0.631203 0.0136054
0.627109 0.615365 0.0117442
0.603736 0.594401 0.00933492
0.57536 0.569007 0.00635299
0.54299 0.540074 0.00291645
0.507964 0.508663 0.000698626
0.471868 0.475965 0.0040971
0.436383 0.44326 0.0068771
0.403126 0.41187 0.00874429
0.373498 0.383101 0.00960341
0.34861 0.358195 0.00958481
0.32927 0.338277 0.00900714
0.316042 0.324302 0.00826002
0.309307 0.317017 0.00770972
0.309362 0.316918 0.0075556
0.316459 0.324227 0.00776782
0.330799 0.338873 0.00807415
0.352489 0.360486 0.00799742
0.381408 0.388401 0.00699322
0.417042 0.42168 0.00463844
0.458311 0.459137 0.000825509
0.503498 0.499382 0.00411599
0.5503 0.540866 0.00943355
0.596118 0.581945 0.0141733
0.638427 0.620938 0.0174895
0.675144 0.656197 0.0189467
0.704821 0.68617 0.0186514
0.726629 0.709472 0.017157
0.740176 0.724945 0.0152307
0.745281 0.731718 0.0135625
0.741791 0.729261 0.0125296
0.729499 0.717421 0.0120779
0.708199 0.696448 0.0117513
0.677828 0.666971 0.0108574
0.638729 0.629959 0.00877021
0.591917 0.586675 0.0052423
0.539269 0.53865 0.000619291
0.483502 0.487653 0.00415136
0.427811 0.435635 0.00782426
0.375329 0.384659 0.00932988
0.328607 0.336814 0.00820699
0.289366 0.294126 0.00476021
0.258511 0.258478 3.28334e-005
0.236336 0.231525 0.00481133
0.222847 0.214621 0.00822568
0.218015 0.208755 0.00926009
0.222015 0.214499 0.00751623
0.235325 0.231973 0.00335168
0.258722 0.260826 0.00210387
0.293115 0.300236 0.00712101
0.339142 0.348927 0.00978536
0.396573 0.405209 0.00863581
0.463571 0.467033 0.0034617
0.536303 0.53206 0.00424337
0.609338 0.597748 0.01159
0.676953 0.661446 0.0155071
0.734699 0.72049 0.0142088
0.780259 0.7723 0.00795932
0.813274 0.814452 0.00117769
0.834462 0.844715 0.0102534
0.844591 0.860978 0.0163871
0.843571 0.861078 0.0175072
0.82967 0.842773 0.0131025
0.799588 0.804939 0.00535146
0.75173 0.750569 0.00116073
0.691197 0.6873 0.0038972
0.625194 0.621397 0.00379709
0.554974 0.553979 0.000995337
0.480871 0.484579 0.00370811
0.407243 0.41425 0.00700741
0.33936 0.345349 0.00598914
0.280837 0.28063 0.000207088
0.23347 0.22283 0.0106404
0.197564 0.174495 0.0230694
0.172525 0.137867 0.0346575
0.157458 0.114784 0.0426743
0.151695 0.10659 0.0451045
0.155108 0.11407 0.0410384
0.168319 0.137397 0.0309217
0.192754 0.176108 0.0166459
0.230544 0.229105 0.00143916
0.284052 0.294676 0.0106245
0.354766 0.370546 0.0157796
0.441462 0.453956 0.012494
0.538458 0.541752 0.00329373
0.635955 0.630503 0.00545209
0.723364 0.716618 0.00674555
0.793606 0.796467 0.00286061
0.844813 0.866438 0.0216251
0.878833 0.922742 0.0439087
0.898286 0.959957 0.0616714
0.902249 0.963739 0.0614904
0.869559 0.889835 0.0202757
0.732402 0.713641 0.0187608
0.587683 0.579829 0.00785397
0.52772 0.526876 0.000843743
0.500078 0.498557 0.00152092
0.471806 0.474387 0.00258091
0.445898 0.451229 0.00533074
0.422353 0.429432 0.00707851
0.401671 0.409845 0.00817354
0.384566 0.393317 0.00875138
0.371669 0.38061 0.00894054
0.363471 0.372352 0.00888059
0.360335 0.369013 0.00867793
0.362505 0.370876 0.00837134
0.370119 0.378023 0.00790369
0.383194 0.390325 0.007131
0.401578 0.40744 0.00586156
0.424902 0.428821 0.00391921
0.452503 0.453731 0.001228
0.483399 0.481268 0.00213058
0.516303 0.510397 0.00590563
0.54968 0.539983 0.00969666
0.58192 0.568843 0.0130766
0.611465 0.595783 0.0156817
0.636983 0.619651 0.0173317
0.657423 0.639387 0.018036
0.672041 0.654064 0.0179773
0.680341 0.662935 0.0174064
0.68201 0.66547 0.0165402
0.676858 0.661381 0.0154769
0.664819 0.650645 0.0141738
0.645968 0.633509 0.0124594
0.620623 0.61048 0.0101425
0.589428 0.582316 0.00711211
0.553457 0.55 0.00345675
0.514196 0.514706 0.000509696
0.473487 0.477767 0.00427998
0.433313 0.440623 0.00731035
0.395575 0.404765 0.00919041
0.361907 0.371681 0.00977387
0.333555 0.342792 0.00923689
0.311373 0.319392 0.00801852
0.295909 0.302595 0.00668608
0.287515 0.293279 0.00576389
0.286464 0.292049 0.00558526
0.293022 0.299199 0.00617732
0.307487 0.314694 0.00720657
0.330112 0.33816 0.00804807
0.360966 0.368889 0.00792326
0.399692 0.405856 0.00616383
0.445282 0.447754 0.00247156
0.495861 0.493035 0.00282619
0.548764 0.539964 0.0088
0.600838 0.586689 0.0141486
0.64899 0.631305 0.0176846
0.690715 0.671931 0.0187843
0.724386 0.706786 0.0175996
0.749196 0.734261 0.0149352
0.764909 0.752993 0.0119164
0.771494 0.761928 0.00956561
0.768869 0.760393 0.00847637
0.756786 0.748161 0.00862506
0.734876 0.725495 0.0093807
0.702883 0.693135 0.00974767
0.660947 0.652203 0.00874396
0.609939 0.604105 0.00583411
0.551782 0.550502 0.00128028
0.489555 0.493317 0.00376247
0.427096 0.434707 0.00761113
0.368223 0.376981 0.00875784
0.315995 0.322492 0.00649741
0.272359 0.273538 0.00117887
0.238184 0.232267 0.00591694
0.213559 0.200581 0.0129778
0.19822 0.180052 0.0181679
0.191915 0.171849 0.0200655
0.194677 0.176679 0.017998
0.206996 0.194742 0.0122543
0.229844 0.225708 0.00413603
0.264536 0.268717 0.0041806
0.312312 0.322392 0.0100798
0.373582 0.384885 0.0113026
0.446868 0.45393 0.00706182
0.527984 0.526929 0.00105537
0.610298 0.601037 0.00926113
0.686502 0.673274 0.0132281
0.750934 0.740626 0.0103084
0.800939 0.800144 0.000795416
0.836547 0.848996 0.0124487
0.859114 0.884371 0.0252573
0.869721 0.902947 0.0332257


 RMSE:  0.0150385
 NMSE:  0.000781726
Test
0.787898 0.791415 0.00351698
0.700283 0.6999 0.000382904
0.620315 0.62069 0.000374892
0.5574 0.556948 0.000451679
0.49582 0.498361 0.00254082
0.43338 0.440318 0.00693754
0.374494 0.383282 0.00878767
0.322192 0.329283 0.00709139
0.278267 0.280562 0.00229454
0.243618 0.239246 0.00437179
0.218414 0.207231 0.0111829
0.202443 0.186095 0.0163484
0.195473 0.177022 0.0184511
0.197527 0.180746 0.0167813
0.20905 0.197504 0.0115463
0.23095 0.227015 0.00393485
0.264467 0.268471 0.00400377
0.3108 0.320557 0.00975694
0.37038 0.381486 0.0111055
0.441885 0.449058 0.00717288
0.521425 0.520736 0.000688645
0.602701 0.593736 0.00896491
0.678597 0.665128 0.0134692
0.743396 0.731945 0.0114514
0.794209 0.791279 0.00292956
0.830804 0.840342 0.00953794
0.854387 0.87642 0.0220327
0.866095 0.896485 0.03039
0.865318 0.896067 0.0307485
0.846959 0.867701 0.0207421
0.799287 0.804988 0.00570119
0.720308 0.7198 0.000508218
0.639787 0.63964 0.000147155
0.573815 0.573024 0.00079136
0.510472 0.512072 0.00159951
0.445567 0.451696 0.00612931
0.383445 0.391949 0.00850391
0.327713 0.334824 0.00711104
0.280494 0.282661 0.00216655
0.242849 0.237715 0.00513363
0.214995 0.202021 0.0129739
0.19666 0.177305 0.0193554
0.187493 0.164899 0.0225941
0.18738 0.165679 0.0217014
0.196662 0.180014 0.0166477
0.216199 0.207736 0.0084633
0.247309 0.24813 0.000820736
0.291442 0.299944 0.00850193
0.349508 0.361427 0.0119189
0.420808 0.430383 0.00957531
0.501957 0.504244 0.00228682
0.586696 0.580163 0.00653285
0.667282 0.655115 0.0121671
0.737042 0.726009 0.0110329
0.792287 0.78979 0.00249662
0.832457 0.843503 0.011046
0.858849 0.884228 0.0253793
0.872887 0.908583 0.0356955
0.874085 0.911025 0.0369404
0.85605 0.880667 0.0246171
0.80106 0.806009 0.00494933
0.705944 0.705243 0.000700971
0.618818 0.620127 0.00130949
0.557129 0.556974 0.000155493
0.499687 0.501754 0.0020674
0.441115 0.447688 0.00657339
0.385534 0.394556 0.00902185
0.335751 0.344136 0.00838547
0.293486 0.298503 0.00501749
0.25974 0.259643 9.71063e-005
0.23488 0.229334 0.00554624
0.218883 0.209061 0.00982208
0.211656 0.199948 0.0117079
0.213272 0.202703 0.0105691
0.224139 0.217575 0.00656387
0.24501 0.24433 0.000679504
0.276879 0.282245 0.0053656
0.32064 0.330125 0.00948501
0.376466 0.386333 0.0098674
0.443041 0.448845 0.00580377
0.516929 0.515318 0.00161141
0.592728 0.583176 0.00955225
0.664267 0.649703 0.0145641
0.726379 0.712141 0.0142377
0.776106 0.767794 0.00831167
0.812757 0.814102 0.00134526
0.837038 0.848673 0.011635
0.849909 0.869189 0.0192795
0.85149 0.873106 0.0216158
0.839939 0.857307 0.0173683
0.810816 0.819124 0.00830832
0.760592 0.760899 0.000306789
0.695691 0.692937 0.00275431
0.627949 0.624884 0.00306532
0.559107 0.557992 0.00111518
0.48694 0.490262 0.00332239
0.414742 0.421753 0.0070108
0.347711 0.354474 0.00676324
0.289474 0.291063 0.00158859
0.241924 0.234189 0.007735
0.205533 0.186349 0.0191839
0.179861 0.149751 0.0301104
0.164133 0.126217 0.0379165
0.157718 0.117097 0.0406209
0.16048 0.123198 0.0372825
0.172976 0.144734 0.0282418
0.196513 0.181304 0.0152089
0.233055 0.231883 0.00117232
0.284784 0.29485 0.0100658
0.35308 0.368031 0.0149514
0.436853 0.448772 0.0119188
0.530957 0.534029 0.00307236
0.626318 0.620477 0.00584132
0.712862 0.704631 0.00823131
0.783446 0.782959 0.000486641
0.835736 0.851962 0.0162263
0.871096 0.908067 0.0369708
0.892011 0.946705 0.0546942
0.898656 0.957751 0.0590954
0.878657 0.910748 0.0320908
0.778 0.767673 0.0103274
0.627158 0.61862 0.00853794
0.545754 0.546696 0.000942317
0.511168 0.509637 0.00153138
0.477246 0.479519 0.00227261
0.444891 0.450648 0.00575663
0.415178 0.423071 0.00789282
0.388732 0.397793 0.00906121
0.366409 0.375893 0.00948371
0.348969 0.358354 0.00938524
0.33698 0.34602 0.0090397
0.330855 0.339545 0.00868968
0.330901 0.33937 0.00846948
0.337334 0.345693 0.00835876
0.350295 0.358453 0.00815849
0.369796 0.377331 0.00753531
0.39562 0.401747 0.00612714
0.42722 0.43088 0.00365999
0.463605 0.463693 8.78728e-005
0.503291 0.498968 0.00432273
0.544373 0.535351 0.00902173
0.584709 0.571398 0.0133111
0.622207 0.605638 0.0165685
0.655051 0.636623 0.0184281
0.681896 0.662996 0.0189004
0.701855 0.683542 0.0183133
0.714414 0.697249 0.0171648
0.719277 0.703355 0.0159219
0.716248 0.70139 0.0148582
0.705166 0.691209 0.0139572
0.685934 0.673004 0.0129297
0.658634 0.647296 0.011338
0.623704 0.614913 0.00879138
0.582133 0.576961 0.0051718
0.53557 0.534793 0.000776942
0.486278 0.489972 0.00369391
0.436879 0.444219 0.00734004
0.389974 0.39935 0.00937586
0.347774 0.357201 0.00942741
0.311893 0.319559 0.00766619
0.283325 0.28808 0.00475499
0.262574 0.264226 0.00165232
0.249847 0.249192 0.00065456
0.245286 0.243853 0.0014335
0.249117 0.248721 0.000396473
0.26174 0.263907 0.00216661
0.2837 0.28911 0.00540977
0.31555 0.323614 0.00806445
0.357521 0.366304 0.00878257
0.409097 0.4157 0.00660263
0.468535 0.470004 0.00146932
0.532663 0.527163 0.00549989
0.597195 0.584946 0.0122487
0.657612 0.641022 0.0165901
0.710203 0.693053 0.0171502
0.752713 0.738782 0.013931
0.784338 0.776112 0.008226
0.805222 0.803183 0.00203907
0.815778 0.818423 0.00264525
0.816147 0.820607 0.0044597
0.805877 0.808986 0.00310907
0.784037 0.783588 0.00044908
0.749892 0.745582 0.00431009
0.703765 0.697181 0.00658402
0.646944 0.640775 0.00616855
0.581144 0.578246 0.00289811
0.509208 0.511316 0.00210778
0.435752 0.442114 0.0063619
0.365989 0.37321 0.00722129
0.304141 0.30736 0.00321931
0.252733 0.247314 0.00541858
0.212644 0.195675 0.0169688
0.183606 0.154786 0.0288199
0.164825 0.126628 0.0381967
0.155536 0.112726 0.0428098
0.155399 0.114076 0.0413227
0.164734 0.131086 0.0336479
0.184639 0.163545 0.0210941


 RMSE:  0.0150311
 NMSE:  0.000768356

 ------------------------------ 5  106769880  0.0150385  0.0150311
Train
0.443845 0.440931 0.00291376
0.415656 0.41114 0.00451612
0.390191 0.384057 0.00613376
0.368177 0.360851 0.00732636
0.350529 0.342577 0.00795152
0.338269 0.330122 0.00814664
0.33235 0.324166 0.00818381
0.333469 0.325148 0.00832065
0.341929 0.333238 0.008691
0.357558 0.348324 0.00923404
0.379659 0.370008 0.00965137
0.407119 0.397611 0.00950782
0.438681 0.430194 0.00848707
0.473282 0.466591 0.00669119
0.510172 0.50544 0.00473235
0.548712 0.545241 0.00347085
0.587957 0.584409 0.00354753
0.626367 0.621334 0.0050335
0.661895 0.654447 0.00744762
0.692381 0.682282 0.0100991
0.716023 0.703542 0.0124807
0.731589 0.717161 0.0144279
0.738345 0.722351 0.0159944
0.735822 0.718658 0.0171639
0.723637 0.705992 0.0176451
0.701529 0.684637 0.016892
0.669643 0.655238 0.0144048
0.628979 0.618761 0.0102176
0.581735 0.576459 0.00527615
0.531086 0.529843 0.00124341
0.480266 0.480644 0.00037832
0.431476 0.430759 0.00071725
0.385469 0.382177 0.00329204
0.342298 0.336897 0.00540135
0.302639 0.29685 0.00578916
0.268416 0.263812 0.00460356
0.242145 0.239332 0.00281317
0.225797 0.22466 0.00113715
0.220486 0.220688 0.000202021
0.226926 0.2279 0.000973866
0.245799 0.246345 0.000545513
0.277354 0.275617 0.00173721
0.320319 0.314859 0.00546044
0.371336 0.362786 0.0085498
0.426443 0.417719 0.0087239
0.483562 0.477646 0.00591569
0.542954 0.540289 0.00266532
0.605044 0.603187 0.00185699
0.667893 0.663789 0.00410444
0.726862 0.719549 0.00731346
0.776748 0.768015 0.00873319
0.814351 0.806912 0.00743858
0.839076 0.83418 0.00489565
0.851702 0.847965 0.00373736
0.852734 0.846579 0.00615543
0.8412 0.828645 0.0125553
0.81435 0.793975 0.020375
0.769438 0.745062 0.0243758
0.707763 0.686838 0.0209246
0.635394 0.623418 0.0119759
0.558827 0.556301 0.00252578
0.483474 0.486249 0.00277481
0.412887 0.414983 0.002096
0.346659 0.345059 0.00160032
0.282738 0.279297 0.00344117
0.223086 0.220475 0.00261076
0.174185 0.171183 0.00300201
0.140491 0.133703 0.00678833
0.121312 0.109909 0.0114027
0.113933 0.101181 0.0127522
0.116911 0.10833 0.00858082
0.131452 0.131548 9.63538e-005
0.161767 0.170384 0.00861654
0.213437 0.223741 0.0103037
0.286973 0.289899 0.00292602
0.371977 0.366569 0.00540847
0.45665 0.450963 0.00568749
0.540469 0.539895 0.000574445
0.628383 0.629891 0.0015079
0.718245 0.717314 0.000930777
0.798662 0.798481 0.000181193
0.859013 0.86972 0.0107071
0.89751 0.92715 0.0296401
0.918212 0.965045 0.0468326
0.923055 0.967438 0.044383
0.894508 0.884163 0.0103451
0.727687 0.696514 0.031173
0.537015 0.567906 0.0308913
0.517786 0.520798 0.00301221
0.49921 0.495911 0.00329924
0.477689 0.47463 0.00305919
0.457933 0.454316 0.00361727
0.439916 0.43531 0.00460587
0.424049 0.418357 0.00569222
0.41089 0.404201 0.00668863
0.400994 0.393496 0.00749783
0.39488 0.386779 0.00810069
0.392959 0.384444 0.00851532
0.395485 0.386718 0.00876661
0.402494 0.393647 0.00884663
0.413807 0.405091 0.00871554
0.429019 0.420726 0.00829303
0.447576 0.440043 0.00753314
0.468867 0.462373 0.00649389
0.49224 0.486903 0.00533664
0.51704 0.512704 0.00433574
0.542542 0.53877 0.00377188
0.567877 0.564052 0.00382507
0.592015 0.587502 0.00451275
0.613793 0.608113 0.00568001
0.63205 0.624963 0.00708667
0.645721 0.637255 0.00846593
0.653954 0.644357 0.00959663
0.656124 0.645825 0.0102991
0.65187 0.641438 0.0104323
0.641081 0.631203 0.00987791
0.623968 0.615365 0.0086031
0.601125 0.594401 0.00672393
0.573578 0.569007 0.00457137
0.542734 0.540074 0.00266003
0.510193 0.508663 0.0015301
0.477484 0.475965 0.00151891
0.445834 0.44326 0.00257431
0.416131 0.41187 0.00426096
0.389071 0.383101 0.00596996
0.365411 0.358195 0.00721569
0.346099 0.338277 0.00782226
0.33224 0.324302 0.00793784
0.32488 0.317017 0.0078626
0.324821 0.316918 0.00790345
0.33248 0.324227 0.00825282
0.34776 0.338873 0.00888664
0.370005 0.360486 0.0095192
0.398058 0.388401 0.00965657
0.430539 0.42168 0.00885948
0.466251 0.459137 0.00711432
0.504396 0.499382 0.00501444
0.544376 0.540866 0.00350965
0.585332 0.581945 0.00338731
0.62575 0.620938 0.00481185
0.663486 0.656197 0.00728916
0.696215 0.68617 0.0100446
0.721967 0.709472 0.0124946
0.739421 0.724945 0.0144759
0.747827 0.731718 0.0161091
0.746728 0.729261 0.0174667
0.735717 0.717421 0.0182961
0.714437 0.696448 0.0179893
0.682835 0.666971 0.0158638
0.641698 0.629959 0.0117394
0.593116 0.586675 0.00644144
0.540388 0.53865 0.00173769
0.487105 0.487653 0.000547798
0.435831 0.435635 0.000196162
0.387459 0.384659 0.0027999
0.341904 0.336814 0.00508991
0.299671 0.294126 0.00554546
0.262764 0.258478 0.00428612
0.233936 0.231525 0.0024112
0.215329 0.214621 0.00070752
0.208012 0.208755 0.000742626
0.212616 0.214499 0.00188252
0.229919 0.231973 0.0020538
0.260584 0.260826 0.000242289
0.303884 0.300236 0.00364801
0.356572 0.348927 0.00764524
0.414058 0.405209 0.00884903
0.473468 0.467033 0.00643468
0.534915 0.53206 0.00285489
0.599261 0.597748 0.00151334
0.664962 0.661446 0.00351637
0.727212 0.72049 0.00672221
0.78022 0.7723 0.00792029
0.820312 0.814452 0.00586029
0.84686 0.844715 0.00214497
0.860881 0.860978 9.65136e-005
0.863072 0.861078 0.00199396
0.852222 0.842773 0.00944925
0.824471 0.804939 0.0195315
0.775625 0.750569 0.0250561
0.708339 0.6873 0.0210389
0.632747 0.621397 0.0113503
0.556097 0.553979 0.00211756
0.481833 0.484579 0.00274601
0.412352 0.41425 0.00189784
0.347109 0.345349 0.00176001
0.284179 0.28063 0.00354942
0.225497 0.22283 0.00266681
0.177256 0.174495 0.00276106
0.143832 0.137867 0.00596542
0.124736 0.114784 0.00995204
0.117501 0.10659 0.0109108
0.120841 0.11407 0.00677079
0.136039 0.137397 0.00135832
0.167226 0.176108 0.00888244
0.21953 0.229105 0.00957549
0.292718 0.294676 0.00195812
0.376379 0.370546 0.00583316
0.459627 0.453956 0.00567069
0.542353 0.541752 0.000600826
0.629205 0.630503 0.00129837
0.717814 0.716618 0.00119594
0.79711 0.796467 0.000643061
0.856837 0.866438 0.00960117
0.895184 0.922742 0.027558
0.91598 0.959957 0.0439773
0.921225 0.963739 0.0425135
0.895945 0.889835 0.00610997
0.749882 0.713641 0.0362412
0.552868 0.579829 0.026961
0.522322 0.526876 0.00455359
0.501465 0.498557 0.00290777
0.477197 0.474387 0.00281014
0.45467 0.451229 0.00344113
0.434011 0.429432 0.00457903
0.415666 0.409845 0.00582089
0.400243 0.393317 0.00692584
0.38839 0.38061 0.00777983
0.380729 0.372352 0.00837722
0.377796 0.369013 0.00878325
0.379938 0.370876 0.00906234
0.387252 0.378023 0.00922918
0.399545 0.390325 0.00921965
0.41635 0.40744 0.00891023
0.437013 0.428821 0.00819161
0.460793 0.453731 0.00706209
0.48697 0.481268 0.0057023
0.514861 0.510397 0.00446415
0.543716 0.539983 0.00373258
0.572626 0.568843 0.00378295
0.600428 0.595783 0.00464455
0.625777 0.619651 0.00612573
0.647282 0.639387 0.00789494
0.663693 0.654064 0.00962895
0.674015 0.662935 0.0110797
0.677538 0.66547 0.012068
0.673814 0.661381 0.0124326
0.662658 0.650645 0.0120134
0.64419 0.633509 0.0106806
0.618958 0.61048 0.00847796
0.588055 0.582316 0.00573875
0.553112 0.55 0.00311193
0.516067 0.514706 0.00136057
0.478794 0.477767 0.00102737
0.442731 0.440623 0.00210773
0.408781 0.404765 0.00401564
0.377576 0.371681 0.00589522
0.349864 0.342792 0.00707153
0.326746 0.319392 0.00735439
0.309599 0.302595 0.00700376
0.299757 0.293279 0.00647835
0.298254 0.292049 0.0062048
0.305672 0.299199 0.00647291
0.322066 0.314694 0.0073721
0.346791 0.33816 0.00863089
0.37846 0.368889 0.00957058
0.415237 0.405856 0.00938138
0.455516 0.447754 0.00776186
0.498358 0.493035 0.00532274
0.543337 0.539964 0.00337326
0.589769 0.586689 0.0030799
0.636021 0.631305 0.00471597
0.679487 0.671931 0.00755561
0.717266 0.706786 0.0104803
0.747019 0.734261 0.0127582
0.767394 0.752993 0.0144012
0.777815 0.761928 0.0158868
0.777998 0.760393 0.0176055
0.767537 0.748161 0.0193757
0.745796 0.725495 0.0203013
0.712272 0.693135 0.0191369
0.667307 0.652203 0.0151037
0.612915 0.604105 0.00881044
0.552988 0.550502 0.00248629
0.492191 0.493317 0.0011262
0.433928 0.434707 0.000779335
0.379089 0.376981 0.00210845
0.327024 0.322492 0.0045322
0.278112 0.273538 0.00457417
0.235184 0.232267 0.00291674
0.201926 0.200581 0.00134463
0.180473 0.180052 0.00042102
0.171163 0.171849 0.000686203
0.173995 0.176679 0.00268372
0.189876 0.194742 0.0048657
0.220615 0.225708 0.00509287
0.267177 0.268717 0.00154019
0.326824 0.322392 0.00443169
0.39307 0.384885 0.00818451
0.460691 0.45393 0.00676107
0.529524 0.526929 0.00259531
0.601621 0.601037 0.000584158
0.675853 0.673274 0.00257874
0.746039 0.740626 0.00541344
0.804558 0.800144 0.00441382
0.847248 0.848996 0.001748
0.874385 0.884371 0.00998597
0.888011 0.902947 0.0149364


 RMSE:  0.0105354
 NMSE:  0.000383661
Test
0.818124 0.791415 0.0267092
0.722591 0.6999 0.0226913
0.628215 0.62069 0.00752526
0.558383 0.556948 0.00143453
0.497229 0.498361 0.00113197
0.439497 0.440318 0.000821175
0.385198 0.383282 0.00191589
0.333756 0.329283 0.00447258
0.28536 0.280562 0.00479802
0.242499 0.239246 0.00325267
0.208757 0.207231 0.00152613
0.186476 0.186095 0.000380864
0.176237 0.177022 0.000784569
0.178128 0.180746 0.00261817
0.192955 0.197504 0.004549
0.222345 0.227015 0.00466986
0.267184 0.268471 0.0012871
0.324999 0.320557 0.0044418
0.389709 0.381486 0.0082232
0.45612 0.449058 0.00706229
0.523728 0.520736 0.00299188
0.594453 0.593736 0.00071743
0.667543 0.665128 0.00241452
0.737389 0.731945 0.00544404
0.796544 0.791279 0.00526451
0.840474 0.840342 0.000131915
0.868981 0.87642 0.00743868
0.883937 0.896485 0.0125482
0.886139 0.896067 0.0099279
0.871856 0.867701 0.00415525
0.828666 0.804988 0.0236785
0.745405 0.7198 0.0256049
0.651077 0.63964 0.0114367
0.575985 0.573024 0.00296076
0.511157 0.512072 0.00091548
0.450215 0.451696 0.0014806
0.392973 0.391949 0.00102368
0.338746 0.334824 0.00392159
0.287283 0.282661 0.00462171
0.240913 0.237715 0.00319811
0.203643 0.202021 0.00162178
0.178218 0.177305 0.000912742
0.165151 0.164899 0.000251654
0.164147 0.165679 0.00153158
0.175724 0.180014 0.0042899
0.201701 0.207736 0.00603542
0.244004 0.24813 0.00412624
0.301604 0.299944 0.00165965
0.368577 0.361427 0.00715034
0.438026 0.430383 0.00764317
0.507991 0.504244 0.0037469
0.580702 0.580163 0.000538683
0.656588 0.655115 0.00147348
0.730538 0.726009 0.00452927
0.794295 0.78979 0.00450517
0.842185 0.843503 0.00131821
0.873591 0.884228 0.010637
0.890676 0.908583 0.017907
0.894608 0.911025 0.0164169
0.880954 0.880667 0.000287362
0.831841 0.806009 0.0258321
0.729191 0.705243 0.0239481
0.625786 0.620127 0.00565917
0.557895 0.556974 0.000920962
0.501099 0.501754 0.000655108
0.447264 0.447688 0.000423521
0.396531 0.394556 0.00197524
0.348707 0.344136 0.00457071
0.303924 0.298503 0.005421
0.263962 0.259643 0.00431906
0.231768 0.229334 0.00243418
0.20979 0.209061 0.000729293
0.199212 0.199948 0.000735663
0.200556 0.202703 0.0021473
0.214562 0.217575 0.00301327
0.242225 0.24433 0.00210534
0.28362 0.282245 0.00137496
0.336211 0.330125 0.00608578
0.395071 0.386333 0.00873845
0.456167 0.448845 0.00732206
0.518889 0.515318 0.00357132
0.584486 0.583176 0.00130997
0.652313 0.649703 0.00260961
0.717971 0.712141 0.00583018
0.775151 0.767794 0.00735709
0.819282 0.814102 0.00518033
0.849233 0.848673 0.000559577
0.866085 0.869189 0.00310377
0.870873 0.873106 0.0022333
0.862563 0.857307 0.00525608
0.836553 0.819124 0.0174289
0.78643 0.760899 0.0255311
0.714653 0.692937 0.0217157
0.636319 0.624884 0.0114351
0.560402 0.557992 0.00240995
0.487857 0.490262 0.00240476
0.419861 0.421753 0.00189213
0.356095 0.354474 0.00162144
0.294787 0.291063 0.00372385
0.237158 0.234189 0.00296923
0.188642 0.186349 0.00229272
0.153914 0.149751 0.00416283
0.133358 0.126217 0.00714106
0.125013 0.117097 0.00791582
0.127653 0.123198 0.00445501
0.142345 0.144734 0.0023891
0.172732 0.181304 0.00857217
0.22325 0.231883 0.00863278
0.293503 0.29485 0.00134699
0.374091 0.368031 0.00606006
0.454888 0.448772 0.00611639
0.535265 0.534029 0.00123603
0.619462 0.620477 0.00101496
0.705966 0.704631 0.00133537
0.784933 0.782959 0.00197438
0.846128 0.851962 0.00583358
0.886656 0.908067 0.0214109
0.909587 0.946705 0.037118
0.9176 0.957751 0.0401508
0.902756 0.910748 0.00799152
0.809183 0.767673 0.0415097
0.6074 0.61862 0.0112205
0.537168 0.546696 0.00952803
0.511366 0.509637 0.00172929
0.481744 0.479519 0.00222495
0.453486 0.450648 0.00283765
0.427271 0.423071 0.00419981
0.403529 0.397793 0.00573646
0.382922 0.375893 0.00702871
0.366244 0.358354 0.00789042
0.354374 0.34602 0.00835402
0.348136 0.339545 0.00859078
0.348171 0.33937 0.00880073
0.354788 0.345693 0.00909536
0.367892 0.358453 0.00943906
0.386959 0.377331 0.00962801
0.411095 0.401747 0.00934779
0.439253 0.43088 0.00837271
0.470469 0.463693 0.00677553
0.503973 0.498968 0.00500524
0.539084 0.535351 0.00373302
0.574919 0.571398 0.00352109
0.610183 0.605638 0.00454486
0.643141 0.636623 0.00651768
0.671908 0.662996 0.00891225
0.694779 0.683542 0.0112365
0.710466 0.697249 0.0132168
0.718114 0.703355 0.0147585
0.717176 0.70139 0.0157861
0.707291 0.691209 0.0160817
0.688282 0.673004 0.0152785
0.660357 0.647296 0.0130606
0.62441 0.614913 0.00949658
0.582272 0.576961 0.00531066
0.536571 0.534793 0.00177776
0.490102 0.489972 0.000130466
0.445005 0.444219 0.000786294
0.402343 0.39935 0.00299279
0.362458 0.357201 0.00525693
0.325883 0.319559 0.00632392
0.293991 0.28808 0.00591072
0.268816 0.264226 0.00458987
0.25229 0.249192 0.00309758
0.245782 0.243853 0.00192919
0.250154 0.248721 0.00143298
0.265939 0.263907 0.00203184
0.29311 0.28911 0.00399954
0.330463 0.323614 0.00684866
0.375348 0.366304 0.00904389
0.42466 0.4157 0.00896035
0.476487 0.470004 0.0064826
0.530606 0.527163 0.00344319
0.587152 0.584946 0.00220598
0.644767 0.641022 0.00374542
0.699975 0.693053 0.00692168
0.748367 0.738782 0.00958452
0.786546 0.776112 0.0104343
0.8131 0.803183 0.00991742
0.828075 0.818423 0.0096519
0.831837 0.820607 0.0112303
0.824105 0.808986 0.0151187
0.803608 0.783588 0.0200201
0.768636 0.745582 0.0230537
0.718581 0.697181 0.0214001
0.655391 0.640775 0.0146163
0.583738 0.578246 0.00549221
0.509962 0.511316 0.0013543
0.43944 0.442114 0.0026742
0.373616 0.37321 0.000406238
0.310693 0.30736 0.00333252
0.250557 0.247314 0.00324335
0.197982 0.195675 0.00230655
0.158671 0.154786 0.0038845
0.134102 0.126628 0.00747411
0.122369 0.112726 0.00964307
0.121618 0.114076 0.00754242
0.132084 0.131086 0.000998292
0.156763 0.163545 0.00678216


 RMSE:  0.00987113
 NMSE:  0.000331373

 ------------------------------ 5  409638060  0.0105354  0.00987113
